CASE	991000204	17	nn	0.082413	0.125000	-4.562500	0.141919
CASE	991000324	51	bb	0.026876	0.033141	5.625000	0.011929
CASE	991000334	60	nn	0.020513	0.026405	3.812500	0.007751
CASE	991000514	66	nn	-0.010067	-0.015677	1.312500	0.004446
CASE	991000674	55	bb	0.041402	0.053815	8.125000	0.007113
CASE	991000874	83	nn	0.017128	0.018309	5.562500	0.009103
CASE	991000904	26	nn	-0.033085	-0.028416	-17.875000	0.002168
CASE	991001044	81	nn	0.000455	-0.002681	3.250000	0.006497
CASE	991001124	74	nn	0.007446	0.011327	-0.500000	0.012804
CASE	991001384	79	nn	-0.015831	-0.017356	-5.250000	0.014605
CASE	991001494	17	nn	0.029610	0.031250	11.000000	0.074406
CASE	991001544	64	nn	-0.018645	-0.017972	-10.875000	0.002838
CASE	991001734	81	mixed	-0.023963	-0.027355	-7.562500	0.022107
CASE	991001814	74	nn	-0.000540	0.001788	-2.312500	0.005659
CASE	991002024	29	nn	0.012718	0.014309	5.000000	0.000817
CASE	991002094	11	bb	-0.002055	0.000000	-2.875000	0.000423
CASE	991002134	54	nn	-0.004553	-0.002249	-2.312500	0.009888
CASE	991002164	81	nn	0.036526	0.035501	15.625000	0.025481
CASE	991002244	76	nn	0.014012	0.012242	8.062500	0.007270
CASE	991003094	67	nn	-0.033995	-0.039690	-8.750000	0.017052
CASE	991003104	75	nn	-0.005131	-0.007730	-0.250000	0.007603
CASE	991003204	6	bb	0.001240	0.000000	3.750000	0.000015
CASE	991003504	47	nn	0.006830	0.007086	2.562500	0.000332
CASE	991003514	58	nn	0.001356	0.004141	-1.875000	0.013380
CASE	991003684	52	nn	0.010132	0.010214	4.750000	0.000807
CASE	991004184	39	bb	-0.016267	-0.018373	-5.125000	0.007851
CASE	991004334	18	bb	-0.008444	0.000000	-11.937500	0.000454
CASE	991004464	63	nn	0.049658	0.054266	18.125000	0.003959
CASE	991004504	15	nn	0.122290	0.187500	-6.500000	0.090627
CASE	991004544	54	nn	0.013361	0.017963	1.937500	0.014300
CASE	991004634	58	nn	-0.002818	-0.003568	-0.625000	0.006732
CASE	991004674	15	bb	-0.008885	0.000000	-12.937500	0.000461
CASE	991004704	45	nn	0.010766	0.013975	2.062500	0.004073
CASE	991005164	72	nn	0.003852	0.007165	-2.000000	0.009808
CASE	991005344	81	bb	-0.032965	-0.039836	-7.875000	0.015124
CASE	991005374	25	nn	-0.047058	-0.057524	-11.000000	0.025814
CASE	991005774	82	bb	0.001209	-0.001611	2.937500	0.009120
CASE	991006034	80	nn	0.001575	-0.000963	2.562500	0.012957
CASE	991006394	14	nn	-0.006377	0.000000	-14.125000	0.000760
CASE	991006424	45	nn	0.005420	0.008379	-0.812500	0.024582
CASE	991006464	81	bb	0.053542	0.058969	18.625000	0.004679
CASE	991006474	6	nn	0.008068	0.000000	10.375000	0.000320
CASE	991006774	50	nn	-0.000723	0.001304	-2.875000	0.002481
CASE	991006794	71	nn	-0.045987	-0.056768	-13.562500	0.008897
CASE	991007324	81	nn	0.075481	0.085491	22.875000	0.015114
CASE	991007444	33	nn	-0.011419	-0.013911	-2.562500	0.003593
CASE	991007454	41	nn	0.038962	0.044276	12.000000	0.009333
CASE	991007724	54	nn	0.012974	0.019525	0.062500	0.007912
CASE	991007794	38	bb	-0.002905	-0.002439	-1.937500	0.000191
CASE	991008244	55	nn	-0.035754	-0.038802	-12.187500	0.005025
CASE	991008264	78	nn	0.033626	0.039628	9.000000	0.010950
CASE	991008284	12	bb	0.084958	0.125000	0.875000	0.059342
CASE	991008554	25	nn	-0.006690	-0.005741	-3.937500	0.014973
CASE	991008774	72	nn	0.028527	0.028991	12.375000	0.007891
CASE	991008824	37	nn	0.041374	0.054220	6.125000	0.013993
CASE	991008954	81	nn	0.019758	0.026272	2.562500	0.008699
CASE	991009014	54	nn	-0.051133	-0.060704	-13.812500	0.020945
CASE	991009104	54	bb	0.034180	0.042224	7.437500	0.006569
CASE	991009194	59	nn	-0.016074	-0.019071	-3.562500	0.010925
CASE	991009204	73	nn	-0.040958	-0.057333	-3.625000	0.029080
CASE	991009244	25	nn	-0.002679	-0.000055	-8.750000	0.000066
CASE	991009354	50	nn	0.013744	0.015733	5.937500	0.010846
CASE	991009554	75	bb	-0.040323	-0.045807	-12.562500	0.010033
CASE	991010144	65	nn	0.018969	0.024393	4.062500	0.004297
CASE	991010234	71	nn	0.041376	0.049044	10.625000	0.027968
CASE	991010374	39	nn	-0.012501	-0.008895	-10.250000	0.012781
CASE	991010564	56	nn	0.040039	0.047947	12.625000	0.012559
CASE	991010744	62	bb	-0.000368	0.003318	-3.375000	0.011394
CASE	991010824	57	nn	0.012289	0.012495	5.000000	0.003366
CASE	991010914	62	nn	0.051917	0.062626	12.437500	0.005617
CASE	991011074	51	bb	0.015588	0.015357	6.687500	0.001448
CASE	991011574	32	nn	0.000090	0.003570	-4.937500	0.017206
CASE	991011674	46	nn	-0.064399	-0.075392	-17.687500	0.012929
CASE	991011764	48	bb	0.027516	0.031142	8.625000	0.009414
CASE	991012074	19	nn	0.058517	0.062500	25.812500	0.031705
CASE	991012134	73	nn	0.010636	0.010997	5.562500	0.009845
CASE	991012294	67	nn	0.090045	0.104959	27.562500	0.048900
CASE	991013044	41	nn	0.026158	0.031682	6.375000	0.009209
CASE	991013064	59	bb	-0.040486	-0.047979	-10.625000	0.005845
CASE	991013084	81	nn	-0.009102	-0.008130	-4.812500	0.009727
CASE	991013254	79	nn	-0.018359	-0.019574	-7.312500	0.005138
CASE	991013424	79	nn	-0.031055	-0.040196	-4.125000	0.006993
CASE	991013544	21	nn	-0.003744	0.000000	-8.812500	0.000104
CASE	991013574	53	nn	-0.029192	-0.033627	-8.125000	0.008610
CASE	991013654	50	nn	0.015453	0.018718	3.687500	0.002518
CASE	991014374	80	nn	-0.042970	-0.055707	-8.000000	0.013023
CASE	991014424	44	nn	-0.003573	-0.003446	-0.625000	0.002505
CASE	991014534	69	nn	-0.053768	-0.060821	-19.312500	0.010904
CASE	991014614	65	nn	0.027481	0.033724	6.062500	0.016577
CASE	991014634	83	nn	0.021770	0.016472	13.312500	0.026182
CASE	991014664	28	nn	-0.002536	-0.002414	-1.437500	0.000097
CASE	991014974	80	nn	0.001894	0.007955	-5.375000	0.011145
CASE	991015034	53	nn	0.005924	0.004892	3.750000	0.001361
CASE	991015084	18	nn	-0.040834	-0.062500	0.937500	0.102388
CASE	991015114	49	nn	0.024056	0.028171	6.875000	0.017078
CASE	991015404	80	nn	-0.033088	-0.037803	-9.437500	0.007661
CASE	991015464	53	nn	0.003862	0.001131	7.500000	0.007551
CASE	991015534	39	nn	0.013290	0.016132	4.062500	0.012770
CASE	991015694	22	nn	0.008028	0.005916	4.875000	0.004259
CASE	991016044	28	nn	0.074978	0.089022	20.250000	0.026897
CASE	991016164	66	nn	0.048067	0.044519	26.437500	0.020858
CASE	991016324	52	bb	0.043872	0.046985	22.125000	0.006678
CASE	991016514	72	nn	0.015834	0.022978	0.250000	0.016388
CASE	991016934	63	nn	0.025529	0.026092	13.937500	0.008311
CASE	991017034	73	nn	-0.001814	-0.002497	0.375000	0.035868
CASE	991017134	2	nn	0.014592	0.000000	18.062500	0.000049
CASE	991017364	62	nn	0.001663	0.000735	1.437500	0.001184
CASE	991017374	73	nn	0.015631	0.016424	8.375000	0.006642
CASE	991018044	54	nn	0.026050	0.024460	12.687500	0.005115
CASE	991018094	19	nn	-0.001329	0.000000	-3.687500	0.139128
CASE	991018134	53	nn	-0.008057	-0.009212	-3.812500	0.004041
CASE	991018504	82	nn	0.027989	0.030790	9.000000	0.006341
CASE	991018884	32	nn	0.009320	0.007188	6.125000	0.000458
CASE	991019214	20	nn	-0.008915	0.000000	-15.187500	0.000744
CASE	991019364	81	mixed	-0.006742	0.003623	-11.000000	0.035906
CASE	991019534	81	bb	-0.028216	-0.029389	-10.562500	0.015080
CASE	991019814	13	bb	-0.000507	0.000000	-0.812500	0.000002
CASE	991019854	56	bb	-0.010400	-0.012573	-2.000000	0.010753
CASE	991020334	23	bb	-0.026618	-0.037211	-2.312500	0.004345
CASE	991020854	27	nn	0.071577	0.077641	25.437500	0.033214
CASE	991021534	18	nn	-0.004854	0.000000	-7.312500	0.000320
CASE	991021674	69	nn	-0.001505	0.000380	-2.562500	0.001374
CASE	991021764	76	nn	0.038660	0.050699	5.437500	0.025688
CASE	991021784	8	bb	-0.004012	0.000000	-7.000000	0.000139
CASE	991021804	30	nn	0.005550	0.004255	3.562500	0.004323
CASE	991021924	64	mixed	-0.040778	-0.043843	-14.625000	0.010041
CASE	991022104	72	nn	0.036434	0.047117	6.125000	0.008101
CASE	991022314	23	bb	-0.044769	-0.060107	-5.437500	0.022256
CASE	991022374	81	nn	0.006152	0.005330	3.812500	0.011155
CASE	991022424	44	bb	-0.009583	-0.008829	-5.187500	0.027220
CASE	991022684	46	nn	-0.005157	-0.005730	-1.937500	0.006163
CASE	991022794	73	nn	-0.006206	-0.002179	-6.562500	0.017882
CASE	991022854	49	nn	-0.055031	-0.070604	-10.562500	0.016803
CASE	991023034	53	bb	-0.003276	-0.003470	-1.500000	0.005223
CASE	991023164	15	nn	0.001265	0.000000	1.750000	0.000026
CASE	991023234	81	nn	0.006551	0.006639	3.125000	0.018871
CASE	991023484	75	bb	-0.009114	-0.012683	-0.937500	0.003769
CASE	991024124	28	bb	0.001636	0.000597	2.125000	0.000050
CASE	991024234	51	nn	-0.008170	-0.006132	-5.062500	0.004838
CASE	991024264	82	nn	0.004592	-0.001521	6.812500	0.008106
CASE	991024424	71	mixed	0.026740	0.028859	9.187500	0.013479
CASE	991024574	45	nn	-0.031370	-0.041507	-4.937500	0.016369
CASE	991024734	37	nn	-0.018254	-0.014681	-11.250000	0.017413
CASE	991025024	63	nn	0.050812	0.058852	14.500000	0.010469
CASE	991025264	46	nn	0.002742	-0.000391	5.437500	0.008848
CASE	991025614	54	nn	0.010232	0.011159	2.750000	0.011763
CASE	991025874	58	nn	0.000507	0.000448	0.250000	0.000639
CASE	991026084	10	bb	0.003388	0.000000	7.000000	0.000136
CASE	991026554	47	nn	-0.025736	-0.029397	-7.625000	0.008629
CASE	991026754	77	nn	-0.001103	0.002898	-3.812500	0.003532
CASE	991026774	11	nn	0.102489	0.125000	26.937500	0.126103
CASE	991026794	32	nn	-0.033134	-0.030362	-20.625000	0.005542
CASE	991027124	19	bb	-0.041500	-0.062500	0.375000	0.029001
CASE	991027294	11	bb	0.003804	0.000000	5.500000	0.000281
CASE	991027404	40	bb	0.000000	0.000000	0.000000	0.000000
CASE	991027444	79	nn	0.026936	0.026636	13.312500	0.035328
CASE	991027674	47	nn	-0.023773	-0.029207	-5.125000	0.011738
CASE	991027774	65	nn	0.011153	0.014548	1.500000	0.010512
CASE	991027864	67	nn	-0.020840	-0.023445	-5.625000	0.011827
CASE	991028734	79	bb	-0.023157	-0.025860	-7.500000	0.013644
CASE	991028854	26	bb	0.002157	0.000090	3.437500	0.000107
CASE	991028954	39	nn	0.011787	0.014031	3.000000	0.015680
CASE	991029074	74	nn	0.008835	0.008843	3.562500	0.001426
CASE	991029474	44	nn	-0.003367	-0.004945	-0.250000	0.000740
CASE	991029594	79	nn	-0.031465	-0.033990	-10.437500	0.011923
CASE	991029614	13	nn	-0.002804	0.000000	-5.187500	0.000466
CASE	991029734	43	nn	-0.060184	-0.069119	-19.250000	0.014223
CASE	991030454	81	nn	-0.048577	-0.054690	-15.125000	0.009322
CASE	991030524	65	bb	0.004259	0.004630	1.625000	0.001862
CASE	991030574	25	nn	0.078583	0.092906	25.375000	0.016504
CASE	991030594	49	nn	-0.027041	-0.024339	-14.875000	0.007141
CASE	991030624	75	nn	-0.012139	-0.012355	-5.250000	0.003733
CASE	991030814	11	nn	-0.091470	-0.125000	-9.625000	0.061419
CASE	991030974	82	bb	0.057585	0.065377	17.437500	0.008686
CASE	991031094	31	bb	-0.000855	-0.000615	-0.500000	0.000013
CASE	991031294	57	nn	0.008231	0.004199	6.750000	0.015638
CASE	991031404	80	nn	0.005911	0.011152	-1.000000	0.014404
CASE	991031544	53	nn	0.032693	0.036411	12.250000	0.009553
CASE	991031744	81	nn	-0.017236	-0.018966	-6.250000	0.012666
CASE	991031784	30	nn	-0.004583	-0.001508	-8.125000	0.000247
CASE	991031824	71	nn	0.038397	0.047466	8.375000	0.010123
CASE	991032124	26	nn	-0.017216	-0.020335	-5.500000	0.002766
CASE	991032214	33	nn	-0.024097	-0.030904	-3.875000	0.011444
CASE	991032254	69	bb	-0.035445	-0.041069	-10.875000	0.017137
CASE	991032294	23	nn	0.008971	0.011973	1.187500	0.001288
CASE	991032644	31	nn	-0.000798	-0.001785	0.687500	0.000198
CASE	991033074	32	bb	-0.035328	-0.040546	-11.187500	0.015727
CASE	991033264	53	nn	-0.014980	-0.018316	-4.125000	0.007451
CASE	991033354	56	bb	-0.002950	-0.003232	-1.250000	0.000047
CASE	991033364	67	nn	-0.012808	-0.014909	-3.437500	0.008287
CASE	991033414	25	nn	0.000332	-0.003246	5.375000	0.001866
CASE	991033444	56	nn	0.054535	0.061233	17.000000	0.012356
CASE	991033454	71	nn	0.005300	0.006295	3.562500	0.030687
CASE	991033634	78	bb	0.028498	0.031982	8.937500	0.007299
CASE	991033684	39	nn	-0.041100	-0.053997	-7.000000	0.017412
CASE	991033804	75	nn	0.004840	0.001709	5.500000	0.016921
CASE	991033874	60	bb	-0.037799	-0.042650	-11.750000	0.008612
CASE	991033964	65	bb	0.001426	-0.000379	3.937500	0.011183
CASE	991034154	82	nn	-0.023695	-0.027768	-7.375000	0.003056
CASE	991034194	35	nn	-0.003040	-0.002308	-2.562500	0.031097
CASE	991034344	13	nn	-0.091294	-0.125000	-11.250000	0.124237
CASE	991034404	73	nn	-0.019181	-0.019971	-7.187500	0.006485
CASE	991034464	49	nn	0.002212	0.007757	-3.812500	0.014038
CASE	991034804	45	bb	-0.009311	-0.010475	-2.812500	0.001756
CASE	991034834	73	nn	0.003345	0.001551	1.687500	0.007415
CASE	991034844	79	nn	-0.029317	-0.032153	-12.625000	0.005974
CASE	991034964	33	nn	0.012066	0.006492	15.375000	0.000759
CASE	991035354	78	nn	0.018387	0.022579	2.375000	0.023624
CASE	991035524	76	nn	0.017226	0.015624	9.500000	0.011151
CASE	991035604	71	nn	-0.011402	-0.008509	-6.937500	0.025238
CASE	991035714	8	bb	0.001607	0.000000	2.125000	0.000147
CASE	991035864	72	nn	-0.008635	-0.011954	0.437500	0.019790
CASE	991036124	72	nn	-0.027252	-0.031513	-7.687500	0.008070
CASE	991036214	74	nn	-0.002870	-0.003531	-0.875000	0.018450
CASE	991036344	33	nn	-0.000180	0.000220	-0.437500	0.000001
CASE	991036474	81	nn	-0.033735	-0.034274	-15.750000	0.011093
CASE	991036644	78	nn	-0.029164	-0.029883	-10.187500	0.013915
CASE	991036884	61	nn	0.000671	0.001452	-1.750000	0.013826
CASE	991036944	31	nn	-0.002199	-0.007593	4.375000	0.000376
CASE	991037674	75	nn	-0.012214	-0.010861	-6.062500	0.008424
CASE	991037854	80	nn	0.003448	0.006440	-0.437500	0.018656
CASE	991037884	23	bb	-0.001856	-0.000002	-10.250000	0.000021
CASE	991037924	67	nn	-0.019819	-0.021763	-6.937500	0.007823
CASE	991037984	37	bb	0.007631	0.008703	2.312500	0.004622
CASE	991038174	59	nn	0.002627	-0.002759	7.750000	0.001639
CASE	991038264	64	nn	-0.050242	-0.062391	-11.187500	0.016864
CASE	991038364	79	nn	0.054172	0.059793	18.687500	0.013656
CASE	991038504	43	nn	0.041256	0.061163	1.125000	0.013648
CASE	991038664	35	nn	-0.002968	-0.001381	-4.437500	0.012943
CASE	991038814	10	bb	0.000964	0.000000	1.312500	0.000009
CASE	991039144	81	nn	-0.048564	-0.054178	-16.625000	0.012299
CASE	991039224	78	bb	0.001120	-0.001343	2.812500	0.006448
CASE	991039384	66	nn	-0.032365	-0.031686	-15.000000	0.012915
CASE	991039544	51	nn	0.002377	-0.000042	2.875000	0.008763
CASE	991039644	69	nn	0.038507	0.041672	14.062500	0.015252
CASE	991039784	34	bb	0.009777	0.004924	13.250000	0.002324
CASE	991039824	76	nn	0.020249	0.024862	3.437500	0.018909
CASE	991039984	63	bb	0.053146	0.065237	11.937500	0.023143
POS	3893	238
