CASE	991000082	67	nn	-0.031822	-0.032946	-13.687500	0.012441
CASE	991001052	2	nn	-0.011660	0.000000	-17.000000	0.000361
CASE	991001752	15	nn	-0.005806	0.000000	-10.125000	0.000178
CASE	991001962	53	bb	-0.004240	-0.001175	-8.750000	0.000142
CASE	991002012	19	bb	0.048053	0.062500	8.187500	0.167081
CASE	991002062	68	nn	-0.034247	-0.042294	-7.000000	0.024208
CASE	991002282	28	nn	-0.054953	-0.064186	-15.375000	0.012189
CASE	991002932	79	nn	-0.021530	-0.024155	-9.187500	0.014868
CASE	991003232	33	nn	-0.018357	-0.021652	-5.812500	0.005614
CASE	991003282	81	nn	-0.004288	-0.002628	-1.687500	0.010554
CASE	991003612	66	nn	-0.024807	-0.027840	-8.187500	0.002765
CASE	991003962	76	bb	-0.016160	-0.017648	-5.375000	0.004232
CASE	991004092	32	nn	-0.034167	-0.040699	-8.500000	0.019862
CASE	991004132	70	nn	0.001087	0.002210	-1.750000	0.005705
CASE	991004142	80	bb	0.008379	0.008867	3.125000	0.007800
CASE	991004282	53	nn	0.013399	0.015463	4.750000	0.005121
CASE	991004552	64	nn	0.043544	0.049945	12.625000	0.015538
CASE	991004902	71	nn	0.028347	0.030544	10.562500	0.014900
CASE	991004962	43	nn	-0.004370	-0.002340	-11.937500	0.002124
CASE	991005052	47	nn	0.003058	0.002739	2.125000	0.000164
CASE	991005162	69	nn	-0.012844	-0.011898	-6.187500	0.004213
CASE	991005272	11	nn	0.000147	0.000000	0.187500	0.000000
CASE	991005482	46	bb	-0.001927	-0.005522	2.812500	0.009022
CASE	991005592	73	nn	-0.022521	-0.029881	-6.000000	0.010084
CASE	991005612	5	nn	0.044526	0.062500	2.500000	0.035046
CASE	991005882	14	bb	0.000553	0.000000	0.687500	0.066076
CASE	991005972	22	bb	0.013151	0.013718	4.812500	0.004364
CASE	991005992	41	nn	0.002277	0.000604	5.562500	0.000060
CASE	991006112	74	nn	-0.048758	-0.059594	-12.000000	0.010386
CASE	991006342	45	nn	-0.006136	-0.010209	0.562500	0.020035
CASE	991006572	20	nn	0.066361	0.093750	4.812500	0.180067
CASE	991006722	79	nn	0.046825	0.052421	16.312500	0.016167
CASE	991006772	49	nn	0.048884	0.053537	17.500000	0.020147
CASE	991006892	81	nn	0.043234	0.049957	12.750000	0.029618
CASE	991007462	47	bb	-0.011273	-0.014954	-1.687500	0.002375
CASE	991008002	71	nn	-0.029582	-0.038618	-3.125000	0.009410
CASE	991008562	30	nn	-0.013145	-0.020393	0.125000	0.007731
CASE	991008612	79	bb	-0.003911	-0.003888	-1.125000	0.002029
CASE	991009032	73	nn	0.001663	0.002777	0.437500	0.018165
CASE	991009732	79	nn	-0.007562	-0.006864	-3.250000	0.010095
CASE	991009862	40	nn	-0.011583	-0.015054	-1.687500	0.008464
CASE	991010702	20	nn	-0.002395	0.000000	-10.312500	0.000491
CASE	991010892	37	nn	0.073208	0.087276	18.125000	0.027557
CASE	991011332	50	nn	-0.000753	-0.000005	-1.500000	0.004677
CASE	991011412	43	nn	0.045447	0.052698	15.125000	0.013948
CASE	991011432	60	nn	0.005351	0.006738	1.250000	0.014006
CASE	991011492	38	bb	0.006412	0.002684	7.000000	0.000855
CASE	991011632	7	nn	-0.000265	0.000000	0.062500	0.000270
CASE	991011782	69	nn	-0.052612	-0.053573	-21.500000	0.012284
CASE	991012092	33	nn	-0.005929	-0.013016	3.562500	0.002548
CASE	991012252	23	nn	0.018159	0.020598	5.562500	0.002043
CASE	991012312	81	nn	0.007809	0.010666	2.187500	0.010845
CASE	991012462	62	nn	0.017469	0.020477	4.625000	0.006557
CASE	991012592	20	nn	0.005675	0.000000	6.750000	0.226415
CASE	991012712	54	nn	0.019404	0.023272	6.750000	0.001670
CASE	991013222	47	nn	0.041514	0.042606	18.125000	0.006960
CASE	991013242	66	bb	-0.000400	-0.000503	-0.062500	0.000002
CASE	991013322	57	nn	0.002546	0.003841	0.125000	0.008790
CASE	991013332	72	nn	0.006941	0.003969	5.250000	0.018973
CASE	991013472	41	nn	-0.015033	-0.017809	-3.937500	0.002363
CASE	991013632	29	nn	0.009757	0.008507	7.562500	0.000499
CASE	991013682	77	nn	-0.004437	-0.003821	-2.312500	0.015736
CASE	991013802	24	nn	-0.004968	-0.003790	-3.250000	0.000220
CASE	991014022	73	bb	0.000224	0.001670	-1.375000	0.010533
CASE	991014112	74	nn	0.017065	0.021418	3.812500	0.003216
CASE	991014402	24	nn	0.005963	0.012383	-3.437500	0.006321
CASE	991014422	45	nn	0.035557	0.044583	8.437500	0.016881
CASE	991014552	2	bb	-0.000337	0.000000	-0.812500	0.000001
CASE	991014592	43	bb	-0.044822	-0.054738	-10.937500	0.009058
CASE	991014702	66	nn	0.019542	0.025733	2.500000	0.024147
CASE	991015082	17	nn	0.019790	0.031250	-1.625000	0.173869
CASE	991015112	41	nn	0.025468	0.027235	11.812500	0.008287
CASE	991015132	62	nn	0.029696	0.033602	8.937500	0.023104
CASE	991015232	79	nn	0.041765	0.047015	17.375000	0.008480
CASE	991015342	16	nn	0.052367	0.062500	15.500000	0.028881
CASE	991015382	58	nn	0.033972	0.046593	4.125000	0.025859
CASE	991015452	41	nn	0.059512	0.073167	14.687500	0.037168
CASE	991015652	65	nn	-0.029542	-0.029828	-14.812500	0.001321
CASE	991015752	79	bb	0.017268	0.019862	6.000000	0.009830
CASE	991015992	63	bb	-0.014103	-0.016791	-4.500000	0.005980
CASE	991016072	56	bb	0.007097	0.004245	6.750000	0.004645
CASE	991016132	30	nn	-0.000097	0.000168	-0.312500	0.000002
CASE	991016222	35	nn	0.006528	0.010452	-1.250000	0.008582
CASE	991016392	37	nn	0.000752	0.009380	-6.812500	0.032445
CASE	991016592	64	nn	-0.052938	-0.064371	-13.375000	0.025555
CASE	991016762	63	nn	0.000666	0.000495	0.562500	0.014604
CASE	991016772	73	nn	-0.011218	-0.010061	-6.875000	0.008740
CASE	991016952	78	bb	-0.020133	-0.022303	-6.812500	0.019997
CASE	991016962	4	nn	0.004425	0.000000	5.250000	0.000310
CASE	991017082	36	nn	0.013080	0.020405	-0.875000	0.003425
CASE	991017202	73	bb	0.008109	0.012264	0.500000	0.008361
CASE	991017252	36	nn	0.002477	0.003368	-1.062500	0.003839
CASE	991017472	81	nn	-0.028279	-0.030711	-10.187500	0.005649
CASE	991017502	28	nn	0.001696	0.002908	0.125000	0.000837
CASE	991017542	66	bb	0.023739	0.024912	10.750000	0.001422
CASE	991017692	46	nn	0.021929	0.014608	14.875000	0.009879
CASE	991017702	57	nn	0.028509	0.038023	3.687500	0.009405
CASE	991017762	28	nn	0.021895	0.026897	5.312500	0.024246
CASE	991017902	80	bb	-0.003314	-0.002763	-2.312500	0.025712
CASE	991018322	75	nn	0.037396	0.042131	12.625000	0.005458
CASE	991018562	57	nn	0.005017	0.003808	5.187500	0.004731
CASE	991018752	71	nn	-0.004478	0.000132	-7.625000	0.005733
CASE	991019342	62	nn	0.040874	0.046976	11.500000	0.019838
CASE	991019522	68	bb	0.001036	0.003258	-1.375000	0.000035
CASE	991019862	65	bb	-0.027052	-0.032579	-7.312500	0.003985
CASE	991019872	77	bb	0.028245	0.032996	7.687500	0.011241
CASE	991020372	55	nn	-0.022403	-0.020934	-14.062500	0.005980
CASE	991020392	81	nn	0.038004	0.044386	10.625000	0.023051
CASE	991020572	2	bb	0.001197	0.000000	1.625000	0.000011
CASE	991020622	51	nn	-0.054455	-0.065980	-12.875000	0.014652
CASE	991021142	54	nn	0.021854	0.027069	4.937500	0.027232
CASE	991021332	74	nn	-0.011608	-0.013295	-3.187500	0.018010
CASE	991021372	29	nn	-0.036754	-0.046835	-6.812500	0.003401
CASE	991021382	35	bb	-0.001945	-0.001782	-0.937500	0.011923
CASE	991021502	68	nn	0.011956	0.016314	1.687500	0.004642
CASE	991021582	67	bb	0.004158	0.005902	0.687500	0.002347
CASE	991021752	65	nn	-0.000568	0.002624	-3.312500	0.018761
CASE	991021762	75	nn	-0.012882	-0.012509	-7.375000	0.001147
CASE	991021772	83	nn	0.045168	0.051137	13.875000	0.021543
CASE	991022072	38	nn	-0.032872	-0.035810	-11.125000	0.011880
CASE	991022172	52	nn	-0.009391	-0.012560	-0.437500	0.004507
CASE	991022492	25	nn	0.035818	0.044603	6.500000	0.015931
CASE	991022612	61	nn	-0.016147	-0.017629	-5.250000	0.013321
CASE	991022692	57	nn	-0.032875	-0.035193	-12.500000	0.009177
CASE	991022862	54	bb	0.005343	0.006210	1.625000	0.003993
CASE	991022882	72	bb	-0.018300	-0.019001	-11.437500	0.004369
CASE	991022952	60	nn	-0.011262	-0.012261	-3.750000	0.003919
CASE	991023122	58	bb	0.001509	0.004716	-1.750000	0.011044
CASE	991023302	67	bb	-0.000178	-0.000063	-0.187500	0.000004
CASE	991023402	79	nn	0.001802	-0.000026	6.812500	0.004618
CASE	991023462	50	bb	-0.011047	-0.014224	-2.000000	0.007307
CASE	991023482	69	nn	-0.012943	-0.013548	-4.625000	0.004154
CASE	991023522	28	nn	0.019704	0.020568	7.375000	0.037678
CASE	991023742	74	nn	0.021904	0.028055	4.187500	0.006033
CASE	991023752	1	nn	-0.000620	0.000000	-0.812500	0.000020
CASE	991023802	51	nn	-0.009055	-0.013153	-0.312500	0.011733
CASE	991024002	77	nn	-0.063472	-0.070898	-21.187500	0.011565
CASE	991024052	43	nn	0.013129	0.018896	1.812500	0.013281
CASE	991024172	71	nn	0.007972	0.010820	0.750000	0.008181
CASE	991024652	41	nn	0.077109	0.094003	18.062500	0.025790
CASE	991025032	74	bb	-0.008001	-0.007581	-4.125000	0.013872
CASE	991025212	81	nn	-0.032528	-0.033983	-12.312500	0.008889
CASE	991025462	76	nn	0.012479	0.013641	9.062500	0.018455
CASE	991025512	40	bb	0.014378	0.010201	15.750000	0.002925
CASE	991025922	20	nn	-0.140303	-0.187500	-20.750000	0.158983
CASE	991026102	26	nn	0.059767	0.071276	17.750000	0.008453
CASE	991026292	47	nn	-0.021544	-0.023683	-8.062500	0.005515
CASE	991026442	23	nn	0.001936	-0.004199	6.312500	0.003221
CASE	991026492	74	nn	0.004078	0.007636	-1.750000	0.004184
CASE	991026572	63	bb	-0.007407	-0.006924	-3.500000	0.005684
CASE	991026602	10	nn	-0.029672	-0.062500	16.750000	0.039150
CASE	991026932	83	bb	-0.005656	-0.007904	-0.625000	0.011624
CASE	991027182	77	mixed	-0.003157	-0.000925	-2.625000	0.017393
CASE	991027422	58	nn	-0.006859	-0.009047	-1.062500	0.000292
CASE	991028082	31	nn	-0.033922	-0.027806	-22.375000	0.003751
CASE	991028222	83	bb	-0.002883	-0.003407	-0.812500	0.000038
CASE	991028342	33	nn	0.028384	0.035022	6.000000	0.024442
CASE	991028452	54	nn	0.106230	0.128308	27.625000	0.019569
CASE	991028542	60	nn	0.007358	0.007906	2.250000	0.007694
CASE	991028602	34	nn	0.003157	-0.000210	4.937500	0.000331
CASE	991028732	76	nn	0.049041	0.052072	19.250000	0.010952
CASE	991028812	72	nn	-0.016524	-0.022534	-3.187500	0.012106
CASE	991029502	73	bb	0.010114	0.013210	1.875000	0.006204
CASE	991029792	20	nn	-0.036016	-0.062500	12.312500	0.030562
CASE	991029812	40	nn	-0.001636	0.000179	-3.375000	0.000190
CASE	991029822	46	nn	0.032155	0.057828	-8.062500	0.014424
CASE	991029882	19	bb	0.089865	0.125000	8.312500	0.128357
CASE	991030372	81	nn	0.028602	0.034200	6.375000	0.011032
CASE	991030492	31	nn	0.020795	0.023376	6.687500	0.001759
CASE	991030542	82	nn	0.057733	0.068479	17.437500	0.011100
CASE	991030712	81	nn	0.000337	-0.001412	2.562500	0.023954
CASE	991031002	24	nn	0.040149	0.049090	9.500000	0.028924
CASE	991031192	42	nn	-0.005455	-0.007861	-0.250000	0.019835
CASE	991031482	75	nn	-0.007319	-0.008604	-2.437500	0.010178
CASE	991031552	60	bb	-0.030581	-0.033580	-10.187500	0.005643
CASE	991031622	45	nn	-0.000674	-0.000701	-0.937500	0.015105
CASE	991031672	8	nn	0.020994	0.031250	0.625000	0.110512
CASE	991032092	81	nn	0.009585	0.013670	0.500000	0.004666
CASE	991032302	34	nn	0.030733	0.041952	3.187500	0.010984
CASE	991032402	50	bb	-0.006486	-0.005124	-3.937500	0.001874
CASE	991032492	55	nn	0.014242	0.014233	6.687500	0.001906
CASE	991032502	65	nn	0.012993	0.017711	1.125000	0.024216
CASE	991032722	26	nn	0.035482	0.040125	11.187500	0.020980
CASE	991032752	55	nn	0.016747	0.021048	3.562500	0.004487
CASE	991032832	51	nn	-0.015263	-0.020480	-2.062500	0.003991
CASE	991032892	23	nn	-0.002314	-0.000658	-3.312500	0.000264
CASE	991033082	38	bb	0.038701	0.048115	8.375000	0.014452
CASE	991033162	36	nn	-0.004847	-0.002066	-7.437500	0.000374
CASE	991033182	53	nn	-0.012034	-0.012952	-4.937500	0.003613
CASE	991033242	27	bb	-0.000026	-0.000270	0.250000	0.000005
CASE	991033502	32	nn	0.075249	0.088929	19.500000	0.017796
CASE	991033532	60	nn	0.039696	0.049865	9.000000	0.012562
CASE	991033922	17	bb	-0.001554	0.000000	-1.500000	0.000281
CASE	991033972	73	nn	0.019773	0.029706	-2.000000	0.036319
CASE	991034572	71	nn	0.006292	0.005678	3.750000	0.005033
CASE	991034672	81	bb	-0.056715	-0.062436	-18.625000	0.006151
CASE	991034902	56	nn	-0.021207	-0.022456	-7.750000	0.003970
CASE	991035252	61	nn	0.013976	0.013676	8.625000	0.000541
CASE	991035532	79	nn	0.017073	0.022092	3.312500	0.013075
CASE	991035872	77	bb	-0.000041	-0.000063	0.000000	0.000008
CASE	991036072	21	nn	-0.082860	-0.125000	4.437500	0.063051
CASE	991036462	68	nn	0.028829	0.025633	15.250000	0.019554
CASE	991036502	19	nn	0.001456	0.000000	2.250000	0.071927
CASE	991036552	72	nn	-0.010229	-0.007549	-6.437500	0.014105
CASE	991036562	81	bb	-0.019238	-0.024091	-3.812500	0.009305
CASE	991036842	18	bb	-0.104127	-0.125000	-28.375000	0.137741
CASE	991037182	12	bb	-0.008197	0.000000	-11.062500	0.000165
CASE	991037332	79	nn	0.034310	0.044334	6.125000	0.013284
CASE	991037592	79	nn	0.001111	-0.001136	4.375000	0.002996
CASE	991037652	51	nn	-0.009641	-0.012032	-2.000000	0.008216
CASE	991037662	64	bb	-0.004902	-0.010753	3.187500	0.018020
CASE	991037742	53	nn	-0.013423	-0.015542	-2.562500	0.006077
CASE	991037842	72	nn	-0.006723	-0.005998	-2.937500	0.015998
CASE	991037922	63	nn	0.006444	0.005360	3.625000	0.010038
CASE	991037982	40	nn	-0.023533	-0.028509	-5.750000	0.040284
CASE	991038002	58	nn	0.040579	0.045801	11.937500	0.016245
CASE	991038012	70	bb	-0.010856	-0.012293	-4.000000	0.002759
CASE	991038132	19	nn	0.002926	0.000000	5.437500	0.000372
CASE	991038172	59	nn	-0.042725	-0.047942	-14.812500	0.013000
CASE	991038272	73	nn	-0.001477	-0.003478	0.937500	0.018096
CASE	991038282	81	nn	-0.028597	-0.035923	-5.937500	0.006885
CASE	991038342	54	nn	0.017018	0.025103	-1.937500	0.027451
CASE	991038352	67	nn	0.067455	0.076879	20.250000	0.013834
CASE	991038552	6	nn	0.000000	0.000000	0.000000	0.000000
CASE	991038622	77	nn	0.001225	0.000313	1.500000	0.003402
CASE	991039032	58	nn	-0.014382	-0.013436	-6.625000	0.009236
CASE	991039152	3	nn	0.000846	0.000000	1.062500	0.000104
CASE	991039422	19	nn	0.033466	0.062500	-11.500000	0.179946
CASE	991039842	8	bb	0.000688	0.000000	0.937500	0.000002
POS	3899	229
