CASE	991000651	31	nn	0.048945	0.061795	9.875000	0.020866
CASE	991001111	64	nn	0.033088	0.040254	8.375000	0.025121
CASE	991001181	42	bb	-0.001880	-0.004694	1.562500	0.003524
CASE	991001791	54	bb	0.002099	0.001980	0.937500	0.000061
CASE	991001891	68	nn	-0.006742	-0.004393	-4.437500	0.017233
CASE	991001971	62	bb	-0.006616	-0.008661	-0.562500	0.007624
CASE	991001991	79	nn	0.004964	0.012964	-5.812500	0.005334
CASE	991002421	80	nn	0.003549	0.004711	1.375000	0.034065
CASE	991002491	62	nn	-0.073183	-0.082604	-22.375000	0.018220
CASE	991002501	76	nn	0.014607	0.017082	5.000000	0.017551
CASE	991002641	42	nn	0.000019	0.001055	1.687500	0.010218
CASE	991002671	74	nn	0.030256	0.031599	11.875000	0.012363
CASE	991002681	86	bb	0.009964	0.007753	6.312500	0.006356
CASE	991002741	59	nn	-0.014507	-0.017357	-3.000000	0.012675
CASE	991003041	15	nn	-0.084334	-0.125000	-0.937500	0.125304
CASE	991003061	34	nn	-0.002608	-0.000422	-3.250000	0.022471
CASE	991003071	42	nn	-0.049793	-0.055038	-16.562500	0.004168
CASE	991003111	86	nn	0.019738	0.021381	6.562500	0.005744
CASE	991003411	40	nn	0.008233	0.006646	8.000000	0.000443
CASE	991003491	31	nn	-0.029154	-0.035189	-7.437500	0.006518
CASE	991003821	22	nn	0.013791	0.018404	1.812500	0.009958
CASE	991003931	43	bb	-0.017574	-0.021635	-3.875000	0.002172
CASE	991004051	79	nn	-0.012776	-0.014578	-4.687500	0.008357
CASE	991004131	74	nn	-0.009397	-0.010425	-3.437500	0.019514
CASE	991004411	7	bb	-0.000138	0.000000	-0.187500	0.000000
CASE	991004791	43	nn	-0.027852	-0.032540	-7.562500	0.011369
CASE	991004821	70	nn	-0.015448	-0.018026	-3.875000	0.005544
CASE	991004881	44	nn	0.081113	0.097870	19.562500	0.025713
CASE	991005001	82	bb	0.010926	0.014232	1.437500	0.010059
CASE	991005021	16	bb	-0.046692	-0.062500	-6.062500	0.099336
CASE	991005241	66	nn	-0.040476	-0.052698	-6.437500	0.019254
CASE	991005381	32	nn	0.043146	0.047437	17.562500	0.022720
CASE	991005841	64	nn	-0.018715	-0.017971	-8.812500	0.011928
CASE	991006141	20	nn	0.036081	0.062500	-7.750000	0.099219
CASE	991006491	25	nn	0.012508	0.004195	14.937500	0.042832
CASE	991006501	33	nn	0.002960	0.006795	-2.062500	0.028571
CASE	991006531	61	bb	-0.001257	-0.001176	-0.562500	0.000082
CASE	991006591	40	nn	0.006383	0.004911	4.562500	0.000342
CASE	991006621	68	bb	0.010736	0.012690	2.812500	0.007011
CASE	991006951	50	nn	-0.004818	-0.001182	-11.687500	0.000899
CASE	991007051	69	nn	-0.024473	-0.025672	-9.125000	0.007134
CASE	991007101	34	bb	0.002588	0.000998	3.125000	0.000095
CASE	991007211	57	bb	-0.008952	-0.011987	-1.187500	0.000700
CASE	991007241	2	nn	-0.000503	0.000000	-0.625000	0.000156
CASE	991007541	42	nn	-0.005956	-0.009443	1.062500	0.008594
CASE	991007581	79	nn	-0.035429	-0.035781	-18.750000	0.008063
CASE	991007991	63	nn	-0.029760	-0.029144	-12.000000	0.014176
CASE	991008591	62	nn	-0.004924	-0.003619	-3.125000	0.017814
CASE	991008701	86	nn	-0.021041	-0.021675	-8.062500	0.010401
CASE	991008761	57	nn	0.042492	0.048787	13.812500	0.018801
CASE	991008901	25	bb	0.000937	-0.000693	1.812500	0.000178
CASE	991008951	76	nn	-0.009715	-0.012797	-1.875000	0.001441
CASE	991009271	52	nn	-0.054136	-0.065225	-13.187500	0.007822
CASE	991009301	82	nn	0.058776	0.066221	18.750000	0.013611
CASE	991009461	71	nn	0.005090	0.005182	0.937500	0.002479
CASE	991010051	58	nn	0.009806	0.011463	2.750000	0.001301
CASE	991010111	34	nn	-0.030230	-0.041249	-2.062500	0.029786
CASE	991010131	52	nn	0.013007	0.014372	3.812500	0.005400
CASE	991010191	28	nn	0.002307	0.002713	0.750000	0.002211
CASE	991010271	22	nn	-0.044664	-0.048993	-15.625000	0.028739
CASE	991010331	81	bb	0.000924	0.002838	-1.437500	0.003954
CASE	991010391	52	nn	-0.025253	-0.025236	-12.375000	0.009082
CASE	991010421	86	nn	0.010731	0.012162	3.500000	0.006896
CASE	991010721	36	nn	0.024703	0.028145	6.937500	0.022111
CASE	991010801	32	nn	0.003585	0.000778	5.687500	0.001259
CASE	991011011	72	nn	0.001083	0.001573	-0.125000	0.004346
CASE	991011151	40	nn	-0.015661	-0.011054	-15.437500	0.004015
CASE	991011251	55	nn	0.005768	0.003365	11.062500	0.000200
CASE	991011421	54	nn	-0.025433	-0.025332	-13.687500	0.002890
CASE	991011511	55	nn	0.044707	0.048334	15.312500	0.010898
CASE	991011541	2	bb	0.001559	0.000000	2.000000	0.000008
CASE	991011731	17	nn	0.003299	0.000000	5.000000	0.001755
CASE	991011831	33	nn	-0.009445	-0.016387	1.812500	0.013809
CASE	991011941	58	nn	-0.022070	-0.036986	3.500000	0.019548
CASE	991011951	66	nn	0.039927	0.043950	13.250000	0.009897
CASE	991012051	81	nn	-0.008472	-0.006037	-6.625000	0.016866
CASE	991012161	16	nn	-0.059059	-0.062500	-26.750000	0.102742
CASE	991012501	11	nn	0.001622	0.000000	2.312500	0.000746
CASE	991012571	86	nn	0.012978	0.014512	4.750000	0.005751
CASE	991012641	68	nn	0.007671	0.008416	1.687500	0.009286
CASE	991012811	68	nn	0.097383	0.114567	26.125000	0.024786
CASE	991012901	72	nn	0.031489	0.029270	14.500000	0.011733
CASE	991013241	68	nn	0.007059	0.009315	2.312500	0.007167
CASE	991013481	49	nn	0.007182	0.007265	3.312500	0.008706
CASE	991013581	60	bb	-0.040667	-0.048930	-9.687500	0.015172
CASE	991013711	22	nn	0.027370	0.024194	14.562500	0.024550
CASE	991013731	37	nn	-0.001029	-0.002302	1.875000	0.001279
CASE	991013741	52	bb	0.009189	0.010155	2.937500	0.001204
CASE	991013821	44	bb	0.000257	0.000308	0.062500	0.000001
CASE	991014111	77	nn	-0.001296	-0.005635	3.250000	0.022555
CASE	991014371	77	nn	-0.010972	-0.010502	-5.562500	0.014760
CASE	991014461	80	nn	0.011578	0.009405	10.750000	0.018132
CASE	991014481	18	bb	-0.000258	0.000000	-0.312500	0.000001
CASE	991014631	82	nn	-0.004250	-0.008097	1.562500	0.007141
CASE	991014721	86	nn	0.047815	0.051571	17.312500	0.013566
CASE	991014801	78	nn	0.014959	0.022663	0.187500	0.013050
CASE	991014851	42	nn	0.002261	0.000284	5.562500	0.000363
CASE	991014911	18	nn	0.079891	0.125000	-5.875000	0.272993
CASE	991015571	74	nn	0.063255	0.066872	23.000000	0.019363
CASE	991015581	86	bb	0.000858	0.002402	-1.000000	0.006897
CASE	991015631	50	nn	-0.018769	-0.022251	-5.625000	0.008591
CASE	991016131	31	nn	-0.027688	-0.035314	-4.937500	0.004166
CASE	991016261	75	bb	-0.006946	-0.005996	-4.187500	0.004868
CASE	991016341	69	nn	-0.002396	-0.003283	-0.125000	0.016222
CASE	991016441	86	nn	0.015867	0.016150	6.250000	0.006061
CASE	991016761	59	nn	0.053870	0.070706	9.312500	0.018179
CASE	991017071	26	nn	-0.000499	-0.004959	6.312500	0.001112
CASE	991017301	86	nn	0.018155	0.025133	1.937500	0.004358
CASE	991017341	39	nn	-0.003527	-0.003029	-2.062500	0.001804
CASE	991017521	45	nn	-0.033349	-0.043627	-4.437500	0.013523
CASE	991017531	58	nn	0.002083	0.000910	2.750000	0.002815
CASE	991017861	40	nn	-0.042515	-0.048068	-16.125000	0.003487
CASE	991018071	81	nn	-0.014241	-0.014609	-5.500000	0.021285
CASE	991018411	77	nn	0.041147	0.044414	14.812500	0.022285
CASE	991018501	79	nn	0.019240	0.021922	7.562500	0.008791
CASE	991018581	74	nn	-0.018681	-0.021824	-5.187500	0.016615
CASE	991019081	56	nn	0.000125	0.002911	-1.125000	0.018253
CASE	991019341	62	nn	0.025941	0.030975	7.687500	0.013795
CASE	991019351	72	nn	-0.061203	-0.062944	-23.937500	0.014916
CASE	991019401	35	bb	-0.000450	0.000681	-0.937500	0.019222
CASE	991019411	45	bb	-0.001614	-0.002872	1.312500	0.000810
CASE	991019651	26	nn	-0.008577	-0.004833	-8.750000	0.001367
CASE	991019761	48	nn	0.004423	0.001579	6.687500	0.011680
CASE	991019991	21	nn	0.087846	0.125000	5.875000	0.199741
CASE	991020021	51	bb	0.005321	0.002767	4.937500	0.004662
CASE	991020051	84	nn	0.004883	0.007301	-0.062500	0.013675
CASE	991020281	55	bb	0.000000	0.000000	0.000000	0.000000
CASE	991020311	86	nn	-0.008738	-0.009886	-2.812500	0.002982
CASE	991020371	54	nn	0.035975	0.044109	8.187500	0.018866
CASE	991020391	78	nn	-0.054904	-0.065610	-14.187500	0.034979
CASE	991020461	62	nn	-0.027011	-0.033380	-6.187500	0.003361
CASE	991020631	61	bb	0.011813	0.015371	2.750000	0.002370
CASE	991020821	76	nn	-0.050349	-0.053901	-17.312500	0.015305
CASE	991020861	32	nn	-0.015040	-0.008757	-11.812500	0.016220
CASE	991020991	78	nn	-0.024278	-0.027356	-7.500000	0.006810
CASE	991021061	60	nn	-0.012454	-0.015355	-1.187500	0.021838
CASE	991021241	65	nn	-0.019068	-0.023338	-5.625000	0.004473
CASE	991021441	11	bb	-0.004416	0.000000	-7.750000	0.000120
CASE	991021581	65	nn	0.014431	0.016359	5.687500	0.002749
CASE	991021841	66	nn	0.034384	0.037548	11.500000	0.009205
CASE	991022001	54	nn	0.046920	0.055326	12.750000	0.020384
CASE	991022251	46	nn	0.038014	0.044659	10.250000	0.009375
CASE	991022301	7	nn	0.000000	0.000000	0.000000	0.000000
CASE	991022401	24	bb	-0.004550	-0.001805	-4.687500	0.000848
CASE	991022431	54	nn	0.003492	0.006870	-0.625000	0.003909
CASE	991022511	48	nn	0.010201	0.015239	-0.375000	0.005622
CASE	991022541	78	nn	0.032604	0.034806	11.437500	0.006987
CASE	991023381	60	nn	-0.031501	-0.029272	-17.000000	0.005228
CASE	991023401	75	nn	-0.026299	-0.029811	-6.500000	0.016547
CASE	991023461	52	nn	-0.019086	-0.025312	-2.187500	0.012036
CASE	991023471	60	nn	0.015176	0.019365	3.812500	0.023878
CASE	991023561	63	nn	0.016485	0.024812	-0.062500	0.019438
CASE	991023651	69	bb	-0.052935	-0.059063	-18.875000	0.004748
CASE	991023681	14	nn	-0.002559	0.000000	-3.562500	0.065767
CASE	991023831	77	nn	-0.041291	-0.051776	-9.625000	0.017239
CASE	991023901	63	nn	0.007612	0.008951	1.250000	0.002016
CASE	991024081	70	nn	-0.017548	-0.025118	-0.875000	0.003055
CASE	991024221	40	nn	0.028628	0.035127	5.375000	0.019415
CASE	991024891	22	nn	0.002103	0.001604	1.625000	0.027305
CASE	991025031	74	nn	0.035809	0.039652	12.375000	0.030485
CASE	991025151	21	nn	-0.243619	-0.312500	-47.375000	0.133897
CASE	991025211	82	nn	0.003764	0.007051	-1.625000	0.024356
CASE	991025291	76	nn	0.024678	0.027003	8.750000	0.025246
CASE	991025631	71	nn	-0.036213	-0.039755	-13.375000	0.007288
CASE	991025901	86	nn	0.001083	-0.002603	3.625000	0.009996
CASE	991026001	13	bb	0.041274	0.062500	0.000000	0.034920
CASE	991026551	47	nn	-0.046317	-0.045844	-20.562500	0.025668
CASE	991026671	81	bb	-0.014482	-0.021231	-0.500000	0.008000
CASE	991026751	76	nn	-0.011487	-0.013574	-3.062500	0.007782
CASE	991026781	18	nn	0.011361	0.000000	18.812500	0.000505
CASE	991026831	64	nn	0.060652	0.069658	18.812500	0.012719
CASE	991027071	51	nn	0.039426	0.049855	7.875000	0.029617
CASE	991027641	20	nn	-0.097650	-0.125000	-20.000000	0.059772
CASE	991027791	79	nn	-0.004372	-0.008483	2.687500	0.012079
CASE	991027841	42	nn	0.076215	0.094242	17.187500	0.027937
CASE	991028291	67	nn	0.001392	-0.001411	3.750000	0.001978
CASE	991028471	74	nn	-0.020068	-0.020137	-7.625000	0.014899
CASE	991028811	69	nn	-0.038936	-0.043655	-13.375000	0.024573
CASE	991028851	23	nn	0.006010	0.000458	10.500000	0.000606
CASE	991028911	86	nn	-0.007877	-0.011793	-0.625000	0.015630
CASE	991029161	77	nn	0.004415	0.006643	-0.312500	0.014818
CASE	991029411	68	nn	0.029959	0.034149	8.687500	0.015438
CASE	991029581	68	nn	0.048450	0.054327	15.062500	0.010196
CASE	991029601	1	bb	-0.002992	0.000000	-4.875000	0.000094
CASE	991029651	49	nn	-0.035634	-0.036291	-13.875000	0.006227
CASE	991030101	66	nn	-0.012832	-0.021216	1.500000	0.003121
CASE	991030271	69	nn	-0.021690	-0.019769	-17.000000	0.004920
CASE	991030451	74	nn	0.009445	0.014789	-0.437500	0.006675
CASE	991030861	53	bb	-0.001415	-0.001735	-0.312500	0.000005
CASE	991031061	86	nn	0.007386	0.008693	2.062500	0.007636
CASE	991031371	52	nn	0.000374	0.000591	-0.062500	0.012313
CASE	991031401	82	nn	0.009138	0.013864	0.250000	0.023314
CASE	991031571	79	nn	-0.000210	0.001637	-1.625000	0.008407
CASE	991031831	82	nn	0.006711	0.006668	3.000000	0.012034
CASE	991031961	38	bb	-0.000138	-0.000084	-0.125000	0.000000
CASE	991031971	47	nn	0.040761	0.044383	14.250000	0.009633
CASE	991032091	81	nn	-0.004487	-0.006232	-0.312500	0.007408
CASE	991032151	54	bb	0.030524	0.038761	4.500000	0.006597
CASE	991032301	35	nn	-0.035368	-0.040301	-14.625000	0.010112
CASE	991032351	86	nn	-0.008729	-0.013066	-0.250000	0.002814
CASE	991032581	54	bb	-0.012165	-0.011050	-6.625000	0.001549
CASE	991032641	28	nn	-0.001876	0.002994	-8.625000	0.005585
CASE	991032901	33	bb	0.006550	0.006148	3.062500	0.002144
CASE	991032951	79	nn	-0.025859	-0.022587	-14.750000	0.015522
CASE	991033101	61	nn	0.020176	0.027420	2.687500	0.031364
CASE	991033211	86	nn	-0.053236	-0.059178	-17.437500	0.015786
CASE	991033271	54	nn	-0.003188	-0.002476	-3.125000	0.002597
CASE	991033341	44	bb	-0.014157	-0.010478	-8.812500	0.022272
CASE	991033351	54	nn	-0.018217	-0.023183	-3.125000	0.013088
CASE	991034171	12	nn	0.025127	0.062500	-25.062500	0.033855
CASE	991034181	24	nn	0.023438	0.017562	20.125000	0.005160
CASE	991034731	57	nn	-0.053107	-0.064039	-13.375000	0.011483
CASE	991034981	48	nn	0.033920	0.045514	4.687500	0.005481
CASE	991035001	65	nn	0.015662	0.016058	9.812500	0.000774
CASE	991035251	59	nn	0.027645	0.025150	20.500000	0.002537
CASE	991035341	62	bb	0.019979	0.024078	4.437500	0.005695
CASE	991035361	86	nn	-0.023626	-0.025766	-7.875000	0.012013
CASE	991035511	62	bb	-0.078054	-0.089671	-23.500000	0.013843
CASE	991035641	22	nn	-0.008391	-0.003776	-8.562500	0.002441
CASE	991035761	55	bb	-0.005943	-0.007473	-1.187500	0.000343
CASE	991035841	49	bb	-0.015343	-0.017999	-4.375000	0.005152
CASE	991036101	50	bb	0.017820	0.019750	6.562500	0.002715
CASE	991036211	75	nn	0.019825	0.025428	4.500000	0.020123
CASE	991036251	26	bb	-0.000148	-0.000000	-0.187500	0.000002
CASE	991036341	29	nn	-0.028264	-0.039050	-2.812500	0.012803
CASE	991036361	54	nn	0.021464	0.024672	6.500000	0.006516
CASE	991036371	64	bb	0.014877	0.017079	4.000000	0.017313
CASE	991036811	72	bb	-0.000101	-0.001318	0.937500	0.000045
CASE	991036821	79	nn	0.042903	0.051167	12.000000	0.016456
CASE	991037051	54	nn	0.044860	0.053063	14.375000	0.010802
CASE	991037211	42	nn	0.031599	0.044807	2.312500	0.014746
CASE	991037301	43	nn	0.058560	0.073050	12.250000	0.010415
CASE	991037441	13	nn	-0.091464	-0.125000	-10.187500	0.214375
CASE	991037481	55	nn	-0.004011	-0.004982	-0.750000	0.010116
CASE	991037631	34	nn	0.007131	0.011977	-1.125000	0.029680
CASE	991037911	55	nn	0.028471	0.030662	11.437500	0.028219
CASE	991037941	86	bb	-0.007973	-0.006788	-3.375000	0.023615
CASE	991038101	74	nn	0.026205	0.026126	13.375000	0.008232
CASE	991038701	70	nn	-0.002643	0.004026	-6.437500	0.005368
CASE	991038931	41	nn	-0.005872	-0.010138	1.750000	0.002358
CASE	991038951	63	nn	0.012405	0.013443	5.125000	0.009853
CASE	991038961	68	bb	-0.009922	-0.013212	-1.437500	0.006756
CASE	991038971	81	bb	-0.017723	-0.017646	-7.187500	0.003061
CASE	991039071	11	nn	0.005591	0.000000	8.875000	0.137486
CASE	991039091	31	nn	-0.000408	-0.003852	3.000000	0.025150
CASE	991039291	60	bb	-0.005542	-0.004286	-3.250000	0.003156
CASE	991039931	11	bb	-0.021580	-0.031250	-0.937500	0.006990
CASE	991039961	37	nn	-0.020422	-0.028910	-0.937500	0.022400
POS	3932	248
