CASE	991000159	56	mixed	-0.002466	0.007494	-10.062500	0.006683
CASE	991000169	67	nn	0.012829	0.015629	3.687500	0.008206
CASE	991000439	78	nn	0.052050	0.062285	13.062500	0.008651
CASE	991000639	22	nn	-0.066388	-0.086979	-10.312500	0.019749
CASE	991000699	79	nn	0.001720	0.002592	-0.062500	0.005501
CASE	991000709	6	nn	-0.000963	0.000000	-3.375000	0.000036
CASE	991000759	53	nn	-0.007843	-0.009589	-3.687500	0.008776
CASE	991000819	26	bb	-0.037261	-0.046649	-7.625000	0.005998
CASE	991001029	67	nn	0.005905	0.009467	-1.250000	0.006512
CASE	991001079	31	bb	0.000622	0.002606	-2.250000	0.012826
CASE	991001329	23	bb	0.001507	0.001678	0.562500	0.000665
CASE	991001429	37	bb	-0.010779	-0.014248	-1.875000	0.004255
CASE	991001499	21	nn	0.053746	0.062500	18.125000	0.029902
CASE	991002499	70	bb	-0.001396	-0.001072	-1.062500	0.003080
CASE	991002589	78	mixed	0.072413	0.083153	21.187500	0.018952
CASE	991002629	30	nn	-0.067113	-0.083813	-13.875000	0.039395
CASE	991002699	17	nn	-0.035697	-0.062500	10.250000	0.034164
CASE	991002809	41	bb	0.003659	0.003696	1.625000	0.000324
CASE	991003219	19	nn	0.045691	0.062500	4.000000	0.031394
CASE	991003249	46	nn	-0.005732	-0.004074	-7.375000	0.000434
CASE	991003399	24	nn	-0.005564	-0.000166	-11.375000	0.000405
CASE	991003519	62	nn	0.053143	0.060950	15.687500	0.022614
CASE	991003619	75	nn	-0.008358	-0.015936	3.312500	0.023305
CASE	991003659	31	nn	0.079508	0.084766	30.125000	0.010087
CASE	991003669	41	bb	-0.002162	-0.000535	-2.437500	0.000082
CASE	991003689	62	nn	-0.000830	-0.000216	0.937500	0.003392
CASE	991003749	33	nn	0.006509	0.012462	-2.250000	0.002616
CASE	991003809	7	nn	0.002292	0.000000	7.250000	0.000115
CASE	991004169	22	bb	0.033949	0.036157	12.812500	0.006411
CASE	991004219	72	bb	-0.026410	-0.030423	-8.187500	0.006091
CASE	991004229	86	nn	-0.034003	-0.039641	-8.687500	0.013526
CASE	991004299	69	nn	0.007302	0.007484	5.500000	0.002343
CASE	991004439	38	bb	-0.020868	-0.021126	-8.250000	0.013335
CASE	991004559	67	nn	-0.017855	-0.018912	-5.875000	0.017662
CASE	991005119	29	nn	0.059366	0.076909	9.750000	0.011525
CASE	991005219	43	nn	-0.036963	-0.031414	-23.375000	0.003142
CASE	991005489	54	nn	-0.114513	-0.130624	-37.000000	0.022060
CASE	991005579	59	nn	0.038326	0.042411	13.000000	0.004035
CASE	991005629	21	nn	0.063277	0.093750	-0.187500	0.216152
CASE	991005689	81	bb	0.008232	0.010050	2.125000	0.007252
CASE	991005809	32	nn	0.000763	-0.003881	4.500000	0.012574
CASE	991005949	86	nn	-0.008265	-0.009806	-1.875000	0.008285
CASE	991005999	49	nn	0.008164	0.006284	4.687500	0.014132
CASE	991006109	73	nn	0.030941	0.034523	9.812500	0.020258
CASE	991006189	63	nn	0.000243	-0.000132	1.875000	0.019385
CASE	991006329	35	nn	0.004044	0.004035	2.437500	0.000166
CASE	991006399	19	nn	-0.231245	-0.312500	-28.500000	0.191630
CASE	991006609	54	nn	-0.006904	-0.001854	-9.000000	0.011641
CASE	991006709	71	bb	-0.013367	-0.017414	-2.312500	0.007235
CASE	991007089	22	bb	-0.004090	-0.002219	-4.000000	0.000104
CASE	991007119	52	nn	0.028101	0.032818	8.000000	0.005876
CASE	991007309	69	nn	-0.000443	0.000814	-0.437500	0.011294
CASE	991007729	59	nn	-0.004469	-0.000671	-4.812500	0.013173
CASE	991007829	72	nn	0.022220	0.025680	5.250000	0.017819
CASE	991007969	40	nn	0.001115	0.003872	-1.812500	0.000027
CASE	991008399	42	nn	0.033477	0.038377	10.437500	0.016796
CASE	991008529	86	nn	-0.042918	-0.040748	-19.250000	0.018361
CASE	991009209	77	nn	0.031313	0.034714	11.062500	0.015494
CASE	991009299	79	bb	-0.008738	-0.010403	-2.312500	0.005936
CASE	991009389	86	nn	0.057900	0.068285	15.500000	0.018842
CASE	991009439	48	nn	0.001707	-0.001344	3.812500	0.005970
CASE	991009519	43	nn	0.064047	0.079499	13.687500	0.044855
CASE	991009669	20	nn	-0.015619	0.000000	-21.437500	0.219950
CASE	991009729	80	nn	0.023052	0.025588	7.312500	0.005552
CASE	991010419	80	nn	-0.045256	-0.051195	-13.875000	0.007872
CASE	991010499	76	nn	-0.030554	-0.035810	-7.250000	0.023470
CASE	991010869	18	bb	0.002914	0.000000	5.562500	0.000241
CASE	991010999	62	nn	0.041213	0.044065	19.250000	0.009554
CASE	991011089	60	nn	-0.037953	-0.048363	-4.312500	0.020010
CASE	991011149	39	nn	0.032313	0.036803	9.500000	0.012324
CASE	991011189	79	nn	0.011503	0.015031	1.000000	0.012143
CASE	991011259	62	nn	0.000000	0.000000	0.000000	0.000000
CASE	991011349	68	bb	-0.011922	-0.014101	-2.937500	0.005618
CASE	991011669	41	nn	0.013666	0.014947	5.687500	0.001485
CASE	991011779	65	nn	0.001102	0.001132	0.437500	0.000019
CASE	991011969	86	nn	0.024421	0.025523	8.937500	0.010174
CASE	991012259	32	nn	0.013604	0.013952	5.937500	0.000945
CASE	991012269	39	nn	0.014970	0.019468	2.750000	0.015977
CASE	991012299	72	mixed	0.006360	0.011256	-1.250000	0.012132
CASE	991012469	67	nn	0.013464	0.016263	3.500000	0.023636
CASE	991012569	81	nn	0.027497	0.033764	6.312500	0.009986
CASE	991012609	33	bb	0.007244	0.008466	2.250000	0.000450
CASE	991012769	21	nn	0.262250	0.375000	14.500000	0.132233
CASE	991012829	86	bb	0.047884	0.052387	16.500000	0.006892
CASE	991012849	16	nn	0.018281	0.031250	-3.187500	0.039705
CASE	991013029	27	nn	-0.019003	-0.024882	-3.062500	0.017162
CASE	991013049	48	nn	-0.006509	-0.004933	-5.062500	0.006878
CASE	991013259	86	bb	-0.029574	-0.034605	-7.750000	0.013664
CASE	991014009	60	bb	0.001803	0.002806	-0.125000	0.009721
CASE	991014169	48	nn	0.007169	0.004147	6.687500	0.010294
CASE	991014979	86	bb	-0.021742	-0.021755	-9.250000	0.011077
CASE	991015139	72	bb	-0.003980	-0.003437	-2.125000	0.002424
CASE	991015219	68	nn	-0.012841	-0.014488	-5.625000	0.006414
CASE	991015409	86	nn	-0.020507	-0.021495	-7.625000	0.007530
CASE	991015559	58	nn	-0.028779	-0.034940	-8.250000	0.006309
CASE	991015639	56	nn	-0.063597	-0.076573	-16.125000	0.020061
CASE	991015719	52	bb	-0.029489	-0.036909	-6.375000	0.006123
CASE	991015789	32	nn	-0.023497	-0.028831	-5.000000	0.013753
CASE	991016059	44	nn	-0.050160	-0.057865	-13.812500	0.014930
CASE	991016239	56	nn	-0.060133	-0.075894	-12.625000	0.023334
CASE	991016269	86	nn	0.016995	0.016398	7.500000	0.009923
CASE	991016379	19	nn	0.045808	0.062500	5.125000	0.038448
CASE	991016599	71	nn	-0.001853	0.002338	-4.875000	0.020269
CASE	991017039	81	nn	0.002509	0.006784	-3.000000	0.007911
CASE	991017199	70	nn	0.007471	0.004584	6.500000	0.009873
CASE	991017469	79	bb	-0.038899	-0.044783	-12.437500	0.005406
CASE	991017809	74	nn	0.007256	0.007063	4.437500	0.008836
CASE	991017879	61	nn	-0.016837	-0.008132	-15.500000	0.011589
CASE	991018049	59	nn	-0.021015	-0.021568	-8.750000	0.006610
CASE	991018059	69	bb	-0.020268	-0.020650	-8.625000	0.008710
CASE	991018069	78	bb	0.000667	0.000925	0.062500	0.006788
CASE	991018169	3	nn	0.038611	0.062500	-4.062500	0.029634
CASE	991018189	26	nn	-0.016050	-0.021814	-1.812500	0.007919
CASE	991018279	32	nn	-0.080010	-0.098277	-20.062500	0.013329
CASE	991018499	80	bb	-0.032348	-0.035387	-10.750000	0.006805
CASE	991018619	28	nn	-0.020356	-0.025380	-4.000000	0.028223
CASE	991018709	31	nn	-0.010703	-0.015925	-0.375000	0.008587
CASE	991018849	86	nn	0.052259	0.051489	22.500000	0.027270
CASE	991018989	50	nn	-0.001580	-0.005099	0.937500	0.009363
CASE	991019019	81	bb	-0.058317	-0.066812	-17.500000	0.015212
CASE	991019359	74	nn	-0.028764	-0.031940	-10.000000	0.011288
CASE	991019399	32	nn	-0.012013	-0.015667	-1.937500	0.020005
CASE	991019579	42	nn	0.011178	0.007416	14.687500	0.000849
CASE	991019709	86	bb	-0.005691	-0.002935	-5.000000	0.002281
CASE	991019929	45	bb	0.011302	0.016092	0.750000	0.003717
CASE	991020099	46	bb	-0.026374	-0.027246	-10.875000	0.004967
CASE	991020119	60	nn	-0.023391	-0.030305	-4.062500	0.002152
CASE	991020159	20	nn	-0.181470	-0.250000	-18.312500	0.177860
CASE	991020389	76	nn	0.021621	0.030170	1.687500	0.013404
CASE	991020569	86	nn	-0.024010	-0.030628	-4.937500	0.015328
CASE	991020619	48	nn	0.020871	0.023076	7.812500	0.011570
CASE	991020669	13	bb	0.004356	0.000000	5.562500	0.000104
CASE	991020689	30	nn	0.012661	0.014845	3.375000	0.001949
CASE	991021209	38	nn	0.002574	0.000638	2.750000	0.001456
CASE	991021499	66	nn	-0.005319	-0.005293	-2.437500	0.021276
CASE	991021679	76	nn	0.010232	0.013838	1.187500	0.008798
CASE	991021759	71	bb	0.013014	0.013822	6.250000	0.001258
CASE	991022129	9	nn	-0.132059	-0.187500	-8.562500	0.076616
CASE	991022229	24	nn	-0.015675	-0.025404	2.625000	0.013311
CASE	991022369	79	nn	-0.043147	-0.048414	-16.437500	0.010149
CASE	991022569	16	nn	-0.147766	-0.187500	-29.937500	0.087547
CASE	991022719	86	bb	-0.052951	-0.059803	-16.312500	0.008510
CASE	991022779	56	bb	-0.025108	-0.029634	-6.500000	0.003894
CASE	991022889	81	bb	0.024552	0.026092	9.125000	0.007384
CASE	991023239	4	nn	0.008358	0.000000	14.250000	0.000196
CASE	991023389	63	nn	0.001614	0.000997	1.875000	0.011351
CASE	991023479	71	nn	-0.014568	-0.019735	-1.125000	0.026213
CASE	991023829	76	nn	-0.010933	-0.011524	-3.937500	0.008499
CASE	991023989	63	nn	-0.009462	-0.009995	-4.000000	0.002992
CASE	991024029	18	nn	-0.027734	-0.031250	-10.625000	0.046067
CASE	991024149	52	nn	-0.021583	-0.025491	-5.625000	0.011704
CASE	991024249	66	nn	0.000413	-0.003191	2.625000	0.008416
CASE	991024289	22	nn	0.048384	0.036426	31.875000	0.018319
CASE	991024509	70	nn	-0.068570	-0.083200	-17.437500	0.020268
CASE	991025019	62	nn	-0.029551	-0.034814	-8.062500	0.011454
CASE	991025029	72	bb	-0.005998	-0.008141	0.687500	0.005641
CASE	991025039	81	nn	-0.035554	-0.039348	-14.312500	0.012436
CASE	991025099	55	nn	0.008498	0.009549	4.437500	0.003886
CASE	991025279	63	nn	0.068238	0.083341	14.562500	0.030222
CASE	991025419	30	bb	-0.002358	0.000392	-5.250000	0.000290
CASE	991025429	44	bb	-0.005867	-0.007948	-0.750000	0.000566
CASE	991025459	71	nn	0.005091	0.003173	5.062500	0.005333
CASE	991025619	59	nn	-0.048293	-0.055922	-14.500000	0.012598
CASE	991026239	78	bb	0.016039	0.017339	5.500000	0.006295
CASE	991026329	81	nn	-0.010261	-0.013961	-1.625000	0.012008
CASE	991026479	61	nn	-0.002813	-0.006265	1.812500	0.005509
CASE	991026729	54	nn	0.073075	0.087230	18.437500	0.019885
CASE	991026749	73	nn	-0.009734	-0.011697	-1.062500	0.005318
CASE	991027019	86	nn	-0.014044	-0.020034	-0.875000	0.021554
CASE	991027409	44	nn	0.022234	0.024907	8.187500	0.005645
CASE	991027869	72	nn	-0.032786	-0.039766	-6.625000	0.021066
CASE	991027879	86	nn	-0.029235	-0.031527	-10.000000	0.009002
CASE	991027909	29	bb	0.005784	0.006749	1.687500	0.006202
CASE	991028089	38	nn	0.007541	0.008979	-0.250000	0.010077
CASE	991028289	65	nn	-0.027687	-0.030291	-8.937500	0.011263
CASE	991028519	32	nn	-0.004398	-0.005508	-0.687500	0.012290
CASE	991028739	86	bb	-0.012435	-0.017221	-1.250000	0.007866
CASE	991029119	35	nn	0.022207	0.019530	10.687500	0.009724
CASE	991029209	39	nn	0.000733	0.000104	1.375000	0.000004
CASE	991029219	46	nn	0.012084	0.019528	-1.750000	0.006308
CASE	991029299	44	nn	0.000259	0.003657	-2.937500	0.006297
CASE	991029409	64	nn	0.003349	0.002079	2.500000	0.000754
CASE	991029749	62	bb	-0.032596	-0.036631	-10.375000	0.004949
CASE	991029899	40	nn	-0.029081	-0.037939	-4.625000	0.007194
CASE	991029939	79	nn	0.050168	0.054118	17.312500	0.024428
CASE	991030199	81	nn	0.021362	0.024513	6.625000	0.021528
CASE	991030239	33	nn	0.009507	0.012013	1.750000	0.049051
CASE	991030549	1	nn	-0.003384	0.000000	-4.750000	0.000003
CASE	991030569	22	nn	-0.081985	-0.100923	-18.000000	0.012150
CASE	991030829	26	nn	-0.005747	-0.001553	-7.250000	0.001339
CASE	991030939	47	nn	0.022633	0.026428	6.125000	0.004259
CASE	991031049	73	nn	0.008390	0.009680	2.375000	0.004300
CASE	991031229	79	bb	0.002293	0.007279	-3.562500	0.008190
CASE	991031449	41	bb	-0.001954	-0.002736	-0.312500	0.001556
CASE	991031619	36	nn	-0.063733	-0.077298	-15.437500	0.014726
CASE	991031829	78	nn	0.039675	0.050025	9.062500	0.016556
CASE	991031979	56	nn	0.007773	0.005835	5.000000	0.016158
CASE	991032029	21	bb	-0.002434	0.000000	-4.625000	0.000528
CASE	991032059	52	nn	-0.031865	-0.036990	-9.125000	0.017710
CASE	991032069	58	nn	-0.009729	-0.011000	-2.875000	0.005010
CASE	991032139	41	nn	0.009799	0.012391	1.875000	0.005698
CASE	991032379	23	nn	-0.033195	-0.034914	-12.375000	0.019428
CASE	991032399	46	nn	-0.033219	-0.040587	-7.875000	0.012339
CASE	991032409	56	bb	-0.009308	-0.010556	-3.562500	0.001402
CASE	991032549	22	nn	0.007487	0.019931	-8.375000	0.013390
CASE	991032559	33	nn	-0.017645	-0.019642	-7.062500	0.007109
CASE	991032669	60	bb	0.027222	0.030108	9.062500	0.004793
CASE	991033029	73	nn	-0.068491	-0.081628	-18.562500	0.023008
CASE	991033089	47	bb	-0.007543	-0.011871	0.562500	0.002690
CASE	991033309	9	nn	-0.043383	-0.062500	-2.312500	0.098440
CASE	991033419	36	nn	-0.033374	-0.037372	-10.812500	0.011847
CASE	991033629	72	nn	-0.013731	-0.018210	-2.125000	0.010120
CASE	991033899	86	nn	-0.022633	-0.027707	-5.187500	0.013100
CASE	991033949	45	nn	0.071756	0.087118	16.937500	0.014803
CASE	991034229	70	bb	-0.000734	0.002504	-2.187500	0.004593
CASE	991034319	76	nn	0.060325	0.074860	14.250000	0.019933
CASE	991034379	45	bb	-0.007440	-0.005877	-4.562500	0.005635
CASE	991034469	51	nn	0.021024	0.020369	10.687500	0.011645
CASE	991034489	73	nn	-0.016297	-0.020560	-3.812500	0.008039
CASE	991034649	60	bb	-0.004097	-0.003193	-2.500000	0.000143
CASE	991034669	79	nn	0.007149	0.004875	6.562500	0.001726
CASE	991034739	66	nn	-0.075821	-0.086307	-23.562500	0.008427
CASE	991034879	34	nn	0.008782	0.009075	4.062500	0.007206
CASE	991034969	34	bb	-0.015436	-0.024697	3.000000	0.031926
CASE	991035049	32	nn	0.007665	0.000979	10.750000	0.006655
CASE	991035279	4	nn	0.000000	0.000000	0.000000	0.000000
CASE	991036239	16	bb	-0.096664	-0.125000	-17.437500	0.129535
CASE	991036349	37	nn	-0.023190	-0.030194	-4.750000	0.017841
CASE	991036649	79	nn	-0.050732	-0.054965	-22.312500	0.004509
CASE	991036679	27	nn	-0.001169	0.002818	-9.687500	0.000604
CASE	991036819	79	nn	0.009940	0.011600	2.937500	0.019800
CASE	991037219	51	nn	-0.034976	-0.038563	-11.875000	0.011790
CASE	991037249	80	nn	-0.038192	-0.044355	-10.312500	0.025350
CASE	991037339	86	nn	-0.051197	-0.055575	-18.437500	0.006008
CASE	991037379	40	bb	0.012807	0.015130	3.562500	0.002325
CASE	991037769	86	bb	-0.041020	-0.046911	-12.437500	0.012485
CASE	991037929	74	nn	0.011981	0.011457	5.000000	0.007312
CASE	991038589	45	bb	0.013870	0.013894	6.750000	0.002394
CASE	991038919	26	nn	-0.003028	0.000081	-9.625000	0.000369
CASE	991039829	79	bb	-0.026853	-0.031106	-7.562500	0.006865
CASE	991039989	67	nn	-0.002422	-0.004249	0.687500	0.005761
POS	3919	241
