CASE	991000237	46	nn	-0.003706	-0.006792	2.062500	0.011145
CASE	991000407	42	nn	0.041041	0.048742	10.375000	0.020705
CASE	991000617	86	bb	-0.037808	-0.040160	-15.312500	0.006243
CASE	991000647	27	bb	-0.001651	-0.000019	-2.937500	0.000024
CASE	991000697	74	nn	-0.035077	-0.039701	-10.812500	0.013227
CASE	991000807	16	bb	0.001922	0.000000	3.500000	0.001695
CASE	991001007	43	nn	-0.056448	-0.068919	-12.812500	0.023190
CASE	991001037	76	bb	0.021767	0.021984	9.812500	0.008622
CASE	991001047	86	nn	0.030951	0.036490	9.687500	0.006559
CASE	991001117	70	nn	-0.016056	-0.016645	-6.000000	0.002959
CASE	991001287	67	nn	-0.037867	-0.043889	-8.375000	0.028314
CASE	991001337	31	nn	0.000092	-0.000295	1.125000	0.000171
CASE	991001637	69	nn	-0.027007	-0.033659	-5.687500	0.007763
CASE	991001907	86	nn	-0.035490	-0.043660	-7.625000	0.009228
CASE	991001937	30	nn	-0.017066	-0.014964	-11.500000	0.002970
CASE	991002137	57	bb	-0.016690	-0.019692	-3.750000	0.007782
CASE	991002237	71	bb	-0.002550	0.000849	-4.750000	0.002299
CASE	991002537	27	nn	-0.004866	-0.004556	-4.437500	0.000538
CASE	991002677	81	nn	0.012300	0.017861	-0.250000	0.027196
CASE	991002767	86	nn	0.020443	0.025018	5.312500	0.002551
CASE	991003157	45	nn	-0.026071	-0.019710	-20.437500	0.009969
CASE	991003177	66	nn	0.042131	0.053017	8.500000	0.008640
CASE	991003447	72	bb	0.002830	0.003717	0.375000	0.009808
CASE	991003477	16	mixed	0.007331	0.000000	12.812500	0.000488
CASE	991003497	40	nn	0.030373	0.037550	6.062500	0.010526
CASE	991003627	86	bb	0.020949	0.019978	8.812500	0.028618
CASE	991003927	42	nn	-0.056893	-0.069504	-13.312500	0.017556
CASE	991003967	79	nn	-0.012094	-0.012578	-6.312500	0.003776
CASE	991004047	72	nn	0.018803	0.017865	9.062500	0.017145
CASE	991004157	11	bb	0.041805	0.062500	-0.437500	0.035361
CASE	991004527	38	mixed	-0.056390	-0.064851	-19.000000	0.016508
CASE	991004647	70	nn	0.015637	0.020758	2.250000	0.008836
CASE	991004917	86	bb	0.036412	0.042791	10.187500	0.013364
CASE	991004937	19	nn	-0.008257	0.000000	-15.500000	0.000844
CASE	991004977	60	nn	-0.000129	-0.001768	1.562500	0.000756
CASE	991005057	53	bb	0.010006	0.012491	1.937500	0.016294
CASE	991005757	61	nn	-0.015830	-0.016562	-8.250000	0.005146
CASE	991005827	48	bb	0.020810	0.024558	5.625000	0.002891
CASE	991006347	53	bb	-0.034462	-0.037063	-12.812500	0.002233
CASE	991006457	78	bb	0.028002	0.036338	4.562500	0.005521
CASE	991006547	79	nn	-0.013186	-0.015783	-2.500000	0.007165
CASE	991006617	63	nn	-0.053900	-0.065089	-13.062500	0.016685
CASE	991006627	76	nn	-0.040695	-0.049172	-11.937500	0.008757
CASE	991006777	50	nn	0.020034	0.020099	10.125000	0.001966
CASE	991006807	79	bb	0.015845	0.019049	4.625000	0.004144
CASE	991006977	79	bb	0.007587	0.010060	0.687500	0.006893
CASE	991007007	23	nn	-0.007108	-0.001738	-10.000000	0.000808
CASE	991007567	69	bb	0.009841	0.008978	4.937500	0.005517
CASE	991007577	75	nn	-0.022343	-0.028944	-5.125000	0.007329
CASE	991007717	48	nn	0.005194	0.005607	1.062500	0.001369
CASE	991007767	8	nn	-0.178254	-0.250000	-13.437500	0.167417
CASE	991007887	43	nn	-0.014951	-0.022000	-0.062500	0.006541
CASE	991007917	76	bb	0.020484	0.018117	13.250000	0.002220
CASE	991007997	69	bb	0.002452	0.002358	1.000000	0.001808
CASE	991008067	54	nn	-0.017999	-0.023923	-2.500000	0.001106
CASE	991008077	60	bb	0.019000	0.022847	5.375000	0.005083
CASE	991008117	18	bb	0.175275	0.250000	10.125000	0.228343
CASE	991008857	64	nn	-0.050980	-0.062876	-13.375000	0.015940
CASE	991008867	80	nn	0.006986	0.011412	-1.250000	0.009983
CASE	991009107	62	nn	0.002733	0.003461	2.437500	0.018657
CASE	991009287	68	nn	-0.022164	-0.028461	-4.062500	0.011412
CASE	991009347	39	nn	0.027245	0.038948	1.812500	0.024396
CASE	991009507	29	bb	-0.006477	-0.001593	-8.812500	0.000154
CASE	991009577	13	nn	-0.035412	-0.062500	8.437500	0.035095
CASE	991009637	76	nn	0.039349	0.042443	13.750000	0.015935
CASE	991009767	29	nn	0.040391	0.051555	7.375000	0.013197
CASE	991009957	52	nn	0.047646	0.050777	17.000000	0.013898
CASE	991009977	70	bb	-0.021837	-0.023636	-7.687500	0.017648
CASE	991010157	79	nn	0.051439	0.059003	18.562500	0.007861
CASE	991010237	74	nn	0.046071	0.056428	11.437500	0.024841
CASE	991010407	72	bb	-0.033446	-0.038628	-11.125000	0.007231
CASE	991010447	23	bb	0.019981	0.028366	-0.812500	0.031160
CASE	991010757	77	mixed	0.028089	0.036240	4.812500	0.014005
CASE	991010857	5	nn	0.001650	0.000000	2.000000	0.204249
CASE	991011117	6	nn	-0.018645	0.000000	-27.562500	0.000837
CASE	991011567	28	bb	0.000778	-0.000001	5.375000	0.000009
CASE	991011617	75	bb	0.024337	0.033785	2.062500	0.005288
CASE	991011687	62	bb	0.015856	0.020046	2.937500	0.018231
CASE	991011777	66	nn	0.026617	0.030139	7.500000	0.010679
CASE	991011887	3	nn	-0.001081	0.000000	-1.312500	0.000013
CASE	991011947	60	nn	-0.031189	-0.037353	-6.250000	0.020496
CASE	991012227	86	nn	-0.013370	-0.015928	-3.562500	0.007471
CASE	991012267	35	nn	0.006475	0.004214	6.937500	0.001323
CASE	991012437	38	nn	-0.009814	-0.006781	-6.437500	0.011800
CASE	991012677	17	nn	-0.003218	0.000000	-4.062500	0.000814
CASE	991012717	59	nn	-0.019629	-0.016063	-16.375000	0.005433
CASE	991012887	55	nn	0.002864	0.003553	0.687500	0.004328
CASE	991013087	86	nn	-0.006009	-0.003856	-4.375000	0.001989
CASE	991013127	37	bb	-0.000963	-0.000463	-1.250000	0.000004
CASE	991013487	55	nn	-0.008166	-0.006710	-5.750000	0.009557
CASE	991013517	86	bb	0.017675	0.016511	9.875000	0.023407
CASE	991013947	86	nn	-0.038961	-0.045376	-13.625000	0.009607
CASE	991014097	62	bb	0.020309	0.022208	6.750000	0.004162
CASE	991014277	70	bb	0.009587	0.012332	1.437500	0.007832
CASE	991014397	18	bb	-0.128114	-0.187500	-2.500000	0.088659
CASE	991014457	80	nn	-0.024780	-0.024502	-10.062500	0.008354
CASE	991014707	69	bb	-0.041473	-0.047518	-11.812500	0.006300
CASE	991014787	65	nn	0.012403	0.013641	3.750000	0.006691
CASE	991014847	39	nn	0.016239	0.037831	-10.875000	0.020356
CASE	991015017	38	nn	-0.002194	-0.003648	-0.062500	0.015633
CASE	991015097	26	nn	-0.014865	-0.006516	-19.375000	0.002134
CASE	991015187	34	nn	-0.016627	-0.025992	0.812500	0.008618
CASE	991015237	86	nn	-0.026905	-0.032466	-6.062500	0.013389
CASE	991015267	30	nn	0.073684	0.090785	16.687500	0.019105
CASE	991015507	10	nn	0.092406	0.125000	10.687500	0.061605
CASE	991015607	20	nn	0.052997	0.062500	18.312500	0.106975
CASE	991015817	62	bb	0.011319	0.014217	2.187500	0.003401
CASE	991015827	73	nn	-0.024500	-0.016939	-17.562500	0.013141
CASE	991016257	73	nn	0.059585	0.067588	18.625000	0.008008
CASE	991016307	32	bb	-0.007004	-0.000554	-10.125000	0.004330
CASE	991016597	66	nn	-0.009674	-0.008109	-7.750000	0.008844
CASE	991016757	57	bb	0.005567	0.006718	1.437500	0.009774
CASE	991016837	51	nn	-0.017201	-0.019247	-6.312500	0.006811
CASE	991017267	52	nn	0.057340	0.070054	13.250000	0.015455
CASE	991017327	26	nn	0.013433	0.010359	10.250000	0.002319
CASE	991017487	13	nn	0.138770	0.187500	19.937500	0.227021
CASE	991017617	53	bb	-0.000877	-0.001084	-0.250000	0.000011
CASE	991017627	65	bb	0.015095	0.017976	4.000000	0.006801
CASE	991017727	79	nn	0.032085	0.034094	15.687500	0.002493
CASE	991017957	53	nn	0.005162	0.004633	3.062500	0.006612
CASE	991018047	57	nn	-0.023610	-0.022744	-10.687500	0.001232
CASE	991018157	76	nn	0.019082	0.021395	7.750000	0.001468
CASE	991018177	13	nn	0.036868	0.062500	-9.750000	0.032333
CASE	991018187	26	nn	0.058163	0.071512	13.625000	0.010361
CASE	991018587	81	nn	0.069252	0.077325	22.187500	0.013080
CASE	991018617	23	bb	0.004369	0.004342	1.812500	0.000463
CASE	991018817	51	nn	0.005881	0.005913	3.625000	0.012362
CASE	991018927	72	nn	0.006702	0.007156	2.500000	0.017134
CASE	991019277	81	nn	0.009105	0.012875	0.437500	0.016227
CASE	991019517	60	nn	0.000795	0.001569	-0.312500	0.001732
CASE	991019527	75	nn	-0.028059	-0.028999	-11.625000	0.019106
CASE	991019557	18	nn	-0.010428	0.000000	-15.437500	0.001880
CASE	991019687	61	bb	-0.029492	-0.033857	-9.125000	0.006836
CASE	991019877	79	nn	-0.023501	-0.026876	-8.437500	0.009245
CASE	991020467	67	nn	-0.003503	-0.003414	-1.500000	0.005854
CASE	991021397	50	nn	-0.027671	-0.031940	-7.375000	0.012731
CASE	991021457	24	nn	-0.008890	-0.001850	-15.500000	0.000351
CASE	991021687	86	nn	-0.021579	-0.023004	-7.375000	0.006345
CASE	991021847	72	nn	-0.039077	-0.045428	-10.687500	0.013094
CASE	991021907	45	bb	-0.006563	-0.003953	-7.625000	0.000380
CASE	991022337	45	nn	0.030080	0.034260	10.375000	0.011296
CASE	991022347	57	nn	0.029116	0.034991	7.437500	0.006761
CASE	991022437	62	nn	0.009191	0.009540	4.562500	0.008199
CASE	991022547	86	bb	-0.032654	-0.038925	-8.187500	0.002936
CASE	991022677	42	nn	-0.003679	-0.002985	-4.375000	0.001427
CASE	991023527	33	nn	0.034429	0.039177	10.062500	0.005775
CASE	991023567	71	bb	0.000975	-0.004139	8.625000	0.010060
CASE	991024417	60	nn	-0.016143	-0.014567	-7.937500	0.010172
CASE	991024497	56	nn	0.027253	0.033295	6.562500	0.014003
CASE	991024637	25	nn	0.005126	0.011047	-3.437500	0.033591
CASE	991024797	14	bb	-0.041805	-0.062500	-0.250000	0.029687
CASE	991024927	55	bb	-0.000951	0.002923	-5.125000	0.006514
CASE	991025377	76	nn	0.028068	0.028578	11.875000	0.021444
CASE	991025517	46	bb	-0.035780	-0.047225	-5.500000	0.009439
CASE	991025567	9	nn	0.130334	0.187500	6.187500	0.088959
CASE	991025677	31	bb	0.035305	0.045045	6.562500	0.014246
CASE	991025797	66	nn	0.026067	0.032169	5.625000	0.010312
CASE	991025987	86	nn	0.024123	0.023692	10.750000	0.008607
CASE	991026277	28	nn	-0.094193	-0.108572	-27.250000	0.015677
CASE	991026407	70	nn	-0.014560	-0.016452	-4.250000	0.003288
CASE	991026627	34	nn	0.001132	0.001717	0.562500	0.017831
CASE	991026897	47	nn	0.007958	0.007959	3.062500	0.007045
CASE	991026927	78	nn	-0.028239	-0.032069	-7.937500	0.008328
CASE	991027607	72	bb	0.009857	0.012926	1.437500	0.008441
CASE	991027987	21	nn	-0.202785	-0.281250	-18.375000	0.199846
CASE	991028307	82	nn	-0.033742	-0.037477	-12.562500	0.015820
CASE	991028427	28	nn	-0.008788	-0.003402	-13.437500	0.001119
CASE	991028997	86	nn	0.023347	0.023409	9.187500	0.016583
CASE	991029497	67	bb	-0.012659	-0.017381	-1.250000	0.011556
CASE	991030087	58	nn	-0.073374	-0.090053	-16.687500	0.026048
CASE	991030337	50	nn	0.006181	0.008692	0.500000	0.011144
CASE	991030537	72	bb	0.000824	0.000313	0.750000	0.000090
CASE	991031137	73	nn	-0.008528	-0.013097	0.437500	0.021151
CASE	991031147	86	nn	0.011239	0.009165	6.437500	0.004223
CASE	991031187	34	bb	0.019827	0.021363	6.687500	0.011433
CASE	991031217	68	nn	0.012761	0.013668	6.062500	0.010880
CASE	991031347	23	nn	0.082878	0.113253	8.812500	0.020880
CASE	991031677	13	nn	0.004978	0.000000	18.250000	0.000204
CASE	991031777	28	nn	0.010991	0.015374	0.687500	0.004144
CASE	991031997	71	nn	-0.007686	-0.008202	-2.125000	0.007855
CASE	991032007	86	nn	-0.037898	-0.044093	-10.500000	0.008980
CASE	991032237	56	nn	-0.022558	-0.024316	-8.937500	0.011650
CASE	991032617	5	nn	0.007799	0.000000	11.875000	0.000471
CASE	991032717	22	nn	-0.048750	-0.057425	-15.000000	0.005351
CASE	991032897	28	nn	-0.040546	-0.053444	-5.437500	0.019868
CASE	991032917	50	nn	0.046810	0.054730	14.500000	0.029373
CASE	991032927	58	nn	0.019301	0.022144	5.937500	0.011555
CASE	991032937	64	nn	-0.010962	-0.016462	1.000000	0.012655
CASE	991032957	4	bb	-0.004154	0.000000	-7.250000	0.000075
CASE	991033017	63	bb	-0.008405	-0.009318	-2.812500	0.000580
CASE	991033077	36	nn	-0.002076	-0.002149	-0.812500	0.004311
CASE	991033207	81	nn	-0.015301	-0.019596	-4.500000	0.013470
CASE	991033397	14	nn	0.000474	0.000000	1.250000	0.068685
CASE	991033567	10	nn	0.041656	0.062500	-0.625000	0.031827
CASE	991033687	41	bb	-0.004832	-0.003848	-4.187500	0.000156
CASE	991033727	86	bb	0.001661	0.001717	0.687500	0.005993
CASE	991033757	30	bb	0.000450	-0.001375	2.000000	0.000912
CASE	991033767	38	nn	-0.014820	-0.020884	0.687500	0.015840
CASE	991033977	76	nn	-0.006708	-0.005512	-3.437500	0.011449
CASE	991034127	56	nn	-0.035148	-0.039208	-12.437500	0.007135
CASE	991034197	39	nn	0.028079	0.034387	6.875000	0.008639
CASE	991034277	32	nn	-0.004969	-0.009461	2.687500	0.002974
CASE	991034457	40	nn	0.005055	0.003104	5.375000	0.012471
CASE	991034657	67	nn	-0.001117	0.000316	-1.812500	0.013118
CASE	991034907	60	nn	-0.088704	-0.104776	-24.000000	0.016826
CASE	991034967	33	nn	0.025267	0.028084	9.750000	0.002148
CASE	991035067	49	bb	0.010411	0.013150	1.312500	0.006341
CASE	991035157	53	bb	0.010583	0.014553	0.187500	0.008800
CASE	991035257	67	nn	0.008100	0.012318	0.937500	0.015041
CASE	991035727	20	nn	0.096146	0.125000	15.687500	0.127589
CASE	991035877	86	nn	0.016495	0.019412	5.125000	0.003381
CASE	991036047	79	nn	-0.023459	-0.027313	-6.125000	0.008513
CASE	991036157	22	nn	-0.002408	-0.008613	4.187500	0.016778
CASE	991036307	86	nn	0.009639	0.008176	5.875000	0.022041
CASE	991036437	42	nn	0.081242	0.098535	18.812500	0.028946
CASE	991037077	81	nn	0.004969	0.012962	-9.062500	0.012449
CASE	991037237	70	nn	0.030117	0.030669	11.312500	0.026101
CASE	991037337	81	nn	-0.050954	-0.059059	-13.062500	0.020003
CASE	991037447	17	nn	0.036513	0.062500	-9.500000	0.037950
CASE	991037777	4	bb	0.011797	0.000000	16.937500	0.000326
CASE	991037937	81	mixed	-0.018987	-0.011012	-14.687500	0.024629
CASE	991037977	36	nn	-0.022191	-0.024907	-7.187500	0.001584
CASE	991037997	51	nn	-0.011414	-0.011636	-4.562500	0.006095
CASE	991038097	67	nn	-0.012788	-0.016320	-2.687500	0.006925
CASE	991038197	79	nn	0.044269	0.051925	12.125000	0.007321
CASE	991038277	74	nn	-0.015248	-0.016894	-6.250000	0.005777
CASE	991038367	80	nn	-0.015552	-0.015304	-6.812500	0.005689
CASE	991038457	86	nn	-0.001721	-0.005281	1.937500	0.006056
CASE	991038577	28	nn	0.014727	0.016875	4.625000	0.003470
CASE	991038697	65	nn	0.043400	0.050921	13.500000	0.009339
CASE	991038787	70	bb	-0.027390	-0.033176	-6.625000	0.005460
CASE	991038887	86	nn	-0.022764	-0.029403	-4.375000	0.018725
CASE	991038997	20	nn	0.003041	0.000000	5.312500	0.000707
CASE	991039027	49	nn	-0.010116	-0.017018	1.437500	0.007604
CASE	991039427	23	nn	-0.027057	-0.039031	-1.437500	0.025287
CASE	991039597	21	nn	-0.032441	-0.062500	17.625000	0.033354
CASE	991039657	81	bb	0.017772	0.019943	5.562500	0.012284
CASE	991039997	73	nn	0.089685	0.103309	27.750000	0.011278
POS	3923	238
