CASE	991000086	69	nn	0.032855	0.036507	10.250000	0.016263
CASE	991000216	29	nn	0.082377	0.095448	23.312500	0.016697
CASE	991000516	70	nn	0.026359	0.024716	12.312500	0.025730
CASE	991000856	65	nn	-0.022474	-0.026630	-6.312500	0.009085
CASE	991000866	74	nn	-0.000354	-0.000888	-0.062500	0.015258
CASE	991001416	25	nn	-0.072208	-0.078924	-27.062500	0.037881
CASE	991001676	27	bb	-0.030925	-0.040069	-4.875000	0.006928
CASE	991001726	77	bb	-0.014074	-0.016728	-3.687500	0.006614
CASE	991002056	63	nn	-0.010727	-0.005165	-10.500000	0.007287
CASE	991002126	43	bb	-0.006892	-0.002666	-10.375000	0.000428
CASE	991002446	18	bb	0.051620	0.062500	12.687500	0.031354
CASE	991002676	79	nn	-0.002581	-0.003619	-0.187500	0.004395
CASE	991002886	31	nn	0.006026	0.004305	4.625000	0.012812
CASE	991003106	81	nn	0.051292	0.061101	14.250000	0.032246
CASE	991003296	12	nn	0.047363	0.062500	7.000000	0.034400
CASE	991003426	55	nn	0.013124	0.022039	-5.312500	0.025148
CASE	991003486	31	nn	0.025278	0.032044	4.750000	0.016468
CASE	991003706	79	bb	-0.011373	-0.013857	-2.750000	0.000992
CASE	991003916	30	bb	-0.000825	-0.001077	-0.125000	0.000004
CASE	991004046	74	nn	0.039250	0.049799	6.875000	0.015718
CASE	991004106	48	bb	-0.010419	-0.013911	-1.250000	0.006423
CASE	991004636	61	nn	-0.007211	-0.012024	1.562500	0.007986
CASE	991005066	63	bb	-0.005277	-0.007102	0.625000	0.010361
CASE	991005086	79	nn	0.021156	0.025743	3.812500	0.008883
CASE	991005146	56	bb	-0.022408	-0.024606	-6.937500	0.018569
CASE	991005316	53	nn	-0.018152	-0.014913	-13.687500	0.009410
CASE	991005336	75	nn	0.061571	0.070534	21.875000	0.009018
CASE	991005346	79	nn	-0.021743	-0.021152	-10.250000	0.017362
CASE	991005426	79	nn	0.044636	0.042707	19.937500	0.014837
CASE	991005556	37	bb	-0.032002	-0.037315	-9.062500	0.003987
CASE	991005656	50	nn	0.002681	0.002800	1.687500	0.005464
CASE	991005856	73	nn	0.009918	0.010016	4.812500	0.000818
CASE	991005976	24	nn	0.044110	0.051421	13.125000	0.018907
CASE	991006116	78	bb	-0.030125	-0.037267	-5.937500	0.011690
CASE	991006166	45	bb	-0.034205	-0.039154	-10.312500	0.002527
CASE	991006636	83	nn	0.028447	0.041408	1.562500	0.010088
CASE	991006946	50	nn	-0.040027	-0.038759	-20.000000	0.013842
CASE	991007226	73	nn	-0.034881	-0.037582	-16.625000	0.013888
CASE	991007266	26	nn	-0.005226	-0.006689	-0.937500	0.000437
CASE	991007556	57	bb	-0.017153	-0.020999	-3.812500	0.009991
CASE	991007916	72	nn	-0.011115	-0.013260	-3.062500	0.004156
CASE	991008086	73	nn	0.015714	0.018406	5.375000	0.017522
CASE	991008286	15	nn	0.140196	0.187500	18.500000	0.152317
CASE	991008326	52	nn	-0.047961	-0.054337	-17.750000	0.009264
CASE	991008446	3	bb	-0.000502	0.000000	-3.187500	0.000010
CASE	991008776	75	bb	-0.034464	-0.043963	-7.312500	0.007396
CASE	991008846	55	nn	-0.001559	0.002129	-5.750000	0.003471
CASE	991009146	14	nn	-0.044680	-0.062500	-3.687500	0.032578
CASE	991009276	58	nn	-0.015907	-0.018008	-4.875000	0.019244
CASE	991009376	71	bb	-0.047767	-0.058023	-10.875000	0.007846
CASE	991009756	21	nn	0.024377	0.031250	4.437500	0.008021
CASE	991009956	48	nn	-0.011685	-0.011962	-5.625000	0.014877
CASE	991010076	81	bb	-0.001780	-0.003241	0.062500	0.009395
CASE	991010276	24	bb	0.001194	0.000941	0.750000	0.000069
CASE	991010376	38	nn	0.013519	0.010913	9.000000	0.013014
CASE	991010466	45	nn	0.052545	0.063329	12.750000	0.022664
CASE	991010656	60	bb	0.002578	0.002806	0.875000	0.000120
CASE	991010666	67	bb	0.027444	0.030675	8.750000	0.003027
CASE	991010916	64	nn	0.006689	0.008130	1.812500	0.009463
CASE	991011076	47	bb	-0.060066	-0.073261	-14.062500	0.016205
CASE	991011326	42	nn	-0.008889	-0.010397	-3.125000	0.000756
CASE	991011356	74	bb	0.007360	0.006711	4.250000	0.003822
CASE	991011526	72	nn	0.012946	0.014681	4.375000	0.001032
CASE	991011796	81	bb	0.011158	0.011813	3.875000	0.001544
CASE	991011816	19	bb	0.061618	0.062500	28.312500	0.035555
CASE	991012046	74	bb	-0.001325	-0.003853	1.562500	0.000022
CASE	991012056	1	bb	-0.000594	0.000000	-0.750000	0.000001
CASE	991012266	39	bb	-0.017742	-0.022138	-3.750000	0.006047
CASE	991012286	58	nn	-0.017493	-0.021961	-3.500000	0.014199
CASE	991012296	68	bb	0.003638	0.008636	-2.562500	0.011668
CASE	991012316	1	nn	0.089269	0.125000	7.250000	0.059428
CASE	991012876	46	mixed	-0.019075	-0.017719	-9.750000	0.014406
CASE	991012916	1	nn	-0.005814	0.000000	-7.125000	0.000062
CASE	991013166	75	nn	-0.068275	-0.078702	-21.312500	0.006726
CASE	991013236	61	nn	0.017329	0.013884	9.875000	0.019431
CASE	991013256	82	nn	0.032781	0.035617	12.375000	0.010198
CASE	991013516	82	bb	-0.018482	-0.020791	-5.750000	0.017958
CASE	991013776	1	bb	-0.002633	0.000000	-3.187500	0.000022
CASE	991014076	40	bb	0.000197	0.000106	0.187500	0.000002
CASE	991014156	35	nn	-0.046115	-0.047243	-24.687500	0.003446
CASE	991014406	28	nn	0.026215	0.032480	5.812500	0.007598
CASE	991014666	28	bb	-0.007146	-0.010386	0.562500	0.003659
CASE	991014686	46	nn	-0.001415	0.000682	-4.437500	0.001863
CASE	991014796	74	bb	0.030252	0.035968	7.750000	0.009591
CASE	991014866	55	nn	0.019069	0.027074	0.562500	0.006598
CASE	991015116	51	nn	-0.063938	-0.076894	-16.187500	0.015408
CASE	991015146	81	bb	0.036830	0.043955	9.875000	0.018441
CASE	991015396	73	nn	0.014284	0.019904	0.625000	0.016670
CASE	991015406	83	nn	-0.011971	-0.010475	-6.500000	0.008854
CASE	991015576	81	nn	0.018850	0.027087	1.250000	0.020735
CASE	991015656	72	bb	-0.003365	-0.004454	-0.500000	0.012470
CASE	991015766	11	bb	0.001817	0.000000	2.875000	0.000063
CASE	991015806	50	nn	-0.036170	-0.042049	-10.187500	0.013925
CASE	991015826	72	nn	0.001634	0.002716	-0.250000	0.000213
CASE	991016236	49	nn	-0.010583	-0.008632	-8.500000	0.001249
CASE	991016266	82	bb	-0.028492	-0.026325	-13.312500	0.004481
CASE	991016336	66	nn	-0.027321	-0.028721	-10.312500	0.018014
CASE	991016596	69	nn	-0.017637	-0.016638	-7.812500	0.006470
CASE	991016606	77	nn	0.024135	0.024368	9.500000	0.010680
CASE	991016766	63	nn	-0.002486	-0.003822	0.312500	0.013400
CASE	991017126	81	nn	0.011159	0.010992	4.375000	0.013894
CASE	991017196	67	nn	0.021060	0.019697	9.562500	0.011358
CASE	991017316	15	nn	0.007765	0.000000	17.875000	0.000247
CASE	991017566	7	nn	-0.003713	0.000000	-12.312500	0.000296
CASE	991017786	52	nn	-0.079844	-0.085934	-35.937500	0.009591
CASE	991017966	59	nn	0.023003	0.027681	5.687500	0.002044
CASE	991017976	71	nn	0.018612	0.020844	5.500000	0.004475
CASE	991018026	33	nn	-0.009951	-0.016058	0.937500	0.017853
CASE	991018476	56	nn	-0.021229	-0.029316	-2.062500	0.006804
CASE	991018806	41	nn	0.026552	0.029359	10.125000	0.010658
CASE	991019416	50	mixed	-0.044773	-0.038129	-27.625000	0.006202
CASE	991019536	81	nn	0.033744	0.039367	9.062500	0.026731
CASE	991019556	16	bb	-0.001311	0.000000	-0.937500	0.000252
CASE	991019626	1	nn	-0.004786	0.000000	-6.562500	0.000008
CASE	991019686	62	nn	-0.045348	-0.054855	-11.250000	0.008021
CASE	991019826	29	bb	0.000410	0.000599	0.312500	0.000417
CASE	991019866	69	nn	0.009104	0.016812	-2.062500	0.014254
CASE	991020396	81	nn	-0.026772	-0.028819	-10.750000	0.007202
CASE	991020546	62	nn	0.023819	0.026717	10.125000	0.021600
CASE	991020896	66	bb	-0.006416	-0.009323	-0.375000	0.001629
CASE	991021026	26	nn	0.005872	0.011707	-3.312500	0.003213
CASE	991021166	80	nn	0.017232	0.023170	2.250000	0.001863
CASE	991021326	69	nn	0.080353	0.097201	18.750000	0.026920
CASE	991021366	19	nn	0.091480	0.125000	10.125000	0.062335
CASE	991021676	69	bb	0.036977	0.041398	11.750000	0.007444
CASE	991021686	82	bb	-0.002564	0.000190	-3.687500	0.016720
CASE	991021766	79	nn	-0.011747	-0.014318	-2.687500	0.006573
CASE	991021806	27	nn	-0.000758	-0.001999	0.625000	0.000750
CASE	991021916	55	nn	0.023441	0.018878	15.812500	0.004110
CASE	991021936	77	nn	-0.038338	-0.047078	-9.312500	0.013311
CASE	991021976	30	bb	-0.019120	-0.022150	-5.250000	0.002820
CASE	991021986	41	nn	-0.044472	-0.053316	-12.187500	0.016712
CASE	991022106	72	nn	-0.025330	-0.030140	-6.437500	0.019779
CASE	991022176	58	nn	0.038680	0.043499	14.437500	0.006450
CASE	991022366	76	nn	0.018334	0.016822	8.562500	0.010726
CASE	991023736	70	nn	0.006873	0.009026	1.000000	0.003578
CASE	991023886	49	nn	0.053408	0.064971	14.187500	0.025316
CASE	991023986	63	bb	0.008697	0.016244	-2.750000	0.006863
CASE	991024056	46	nn	-0.006613	-0.003539	-6.687500	0.005879
CASE	991024086	76	nn	0.020603	0.020628	8.687500	0.005933
CASE	991024186	5	nn	0.271058	0.375000	26.062500	0.133681
CASE	991024226	40	nn	0.007960	0.006272	4.687500	0.017132
CASE	991024636	23	nn	0.057063	0.066443	16.187500	0.008762
CASE	991024756	59	nn	-0.004551	-0.005433	-1.125000	0.000331
CASE	991024806	23	bb	-0.010976	-0.012474	-3.500000	0.001309
CASE	991025006	47	nn	-0.047729	-0.060484	-8.750000	0.008456
CASE	991025086	42	nn	-0.007380	-0.010935	0.687500	0.009728
CASE	991025286	71	nn	0.029921	0.030671	12.187500	0.020035
CASE	991025406	18	nn	-0.087114	-0.125000	-6.875000	0.061297
CASE	991025526	51	nn	0.003269	0.009425	-3.687500	0.023285
CASE	991025576	19	nn	0.006666	0.000000	11.000000	0.000853
CASE	991025796	64	nn	-0.042896	-0.052587	-10.812500	0.008649
CASE	991025956	53	bb	-0.031197	-0.036591	-8.500000	0.025509
CASE	991026046	59	nn	0.021220	0.027887	3.187500	0.024149
CASE	991026136	62	nn	0.038905	0.041602	14.250000	0.022835
CASE	991026156	80	nn	-0.009598	-0.003769	-9.312500	0.021211
CASE	991026176	14	nn	0.137573	0.187500	16.750000	0.230386
CASE	991026516	12	bb	-0.046456	-0.062500	-6.062500	0.033497
CASE	991026566	62	nn	-0.027424	-0.028350	-10.437500	0.013268
CASE	991026626	34	nn	0.006783	0.007946	1.812500	0.000919
CASE	991026716	39	bb	0.018989	0.025130	2.500000	0.011267
CASE	991026746	67	bb	0.023463	0.021381	11.875000	0.012078
CASE	991026876	29	nn	0.004343	0.001099	5.062500	0.005716
CASE	991027046	23	nn	0.037170	0.043112	10.562500	0.019773
CASE	991027276	83	nn	0.003720	0.008322	-2.750000	0.011904
CASE	991027366	3	nn	-0.001720	0.000000	-2.312500	0.000022
CASE	991027456	4	nn	0.091362	0.125000	10.062500	0.063145
CASE	991027736	28	nn	0.000090	0.004147	-4.125000	0.001080
CASE	991027786	77	bb	0.004746	0.006678	0.125000	0.005572
CASE	991027846	49	nn	-0.103844	-0.120414	-31.625000	0.019551
CASE	991027876	80	bb	0.008350	0.005475	6.187500	0.004086
CASE	991028026	59	bb	-0.017781	-0.015195	-12.000000	0.001781
CASE	991028046	80	nn	0.051341	0.058171	15.687500	0.016828
CASE	991028166	24	bb	-0.046803	-0.057798	-10.062500	0.011894
CASE	991028616	43	nn	-0.017195	-0.021622	-3.687500	0.012743
CASE	991028686	30	nn	-0.011700	-0.010423	-6.937500	0.002812
CASE	991029086	1	nn	0.009290	0.000000	9.375000	0.000171
CASE	991029106	23	bb	-0.105929	-0.130294	-24.187500	0.035676
CASE	991029246	72	nn	-0.011467	-0.014089	-3.125000	0.017917
CASE	991029746	55	bb	-0.005878	-0.005645	-3.000000	0.001013
CASE	991029766	81	nn	-0.030860	-0.040362	-6.062500	0.012079
CASE	991029856	80	nn	-0.014961	-0.017237	-4.250000	0.002622
CASE	991029896	39	nn	0.022581	0.018578	15.437500	0.001621
CASE	991030086	53	nn	0.020307	0.024719	4.687500	0.006906
CASE	991030446	73	nn	0.012260	0.012970	6.875000	0.008672
CASE	991030966	73	nn	0.003516	0.000702	3.375000	0.030000
CASE	991031006	28	nn	0.005330	0.004065	5.000000	0.014425
CASE	991031076	13	nn	-0.057096	-0.062500	-20.062500	0.110610
CASE	991031226	78	nn	-0.056218	-0.069787	-11.500000	0.038499
CASE	991031576	80	nn	0.054896	0.071890	9.437500	0.011392
CASE	991031726	63	nn	0.001501	-0.000144	1.750000	0.005232
CASE	991032006	81	nn	0.032987	0.039345	8.687500	0.015774
CASE	991032076	67	nn	-0.006085	-0.005369	-3.250000	0.009556
CASE	991032346	79	nn	0.032473	0.033943	12.062500	0.010718
CASE	991032396	43	mixed	-0.098971	-0.118190	-25.125000	0.024127
CASE	991032916	46	nn	-0.022493	-0.030860	-1.500000	0.018612
CASE	991033176	51	nn	0.086429	0.099546	26.687500	0.007973
CASE	991033366	67	nn	0.006663	0.003661	5.250000	0.018936
CASE	991033616	58	nn	-0.019171	-0.023753	-4.062500	0.010448
CASE	991033716	75	nn	0.069524	0.082379	18.875000	0.014335
CASE	991033786	55	nn	-0.050189	-0.051372	-26.375000	0.008455
CASE	991033966	67	nn	-0.009262	-0.007430	-5.562500	0.007586
CASE	991034066	81	bb	0.013728	0.013454	5.937500	0.003873
CASE	991034186	25	nn	0.014441	0.018541	2.437500	0.010039
CASE	991034306	62	nn	0.013922	0.013725	4.937500	0.013531
CASE	991034536	32	mixed	-0.014004	-0.010924	-8.875000	0.052954
CASE	991034616	29	nn	-0.000463	0.002342	-3.687500	0.010802
CASE	991034666	77	nn	0.008716	0.014420	-0.562500	0.010118
CASE	991034866	21	bb	0.006375	0.000000	14.625000	0.000341
CASE	991034926	81	nn	-0.010738	-0.014656	-1.187500	0.002967
CASE	991035016	79	nn	-0.021084	-0.025556	-5.500000	0.008790
CASE	991035046	28	nn	-0.005325	-0.003028	-4.625000	0.011559
CASE	991035856	63	bb	0.007932	0.006636	4.375000	0.005031
CASE	991035936	59	nn	-0.002273	-0.003543	-1.000000	0.008467
CASE	991036186	50	nn	0.017000	0.032122	-5.875000	0.010779
CASE	991036306	81	nn	0.027356	0.038035	2.375000	0.011344
CASE	991036366	58	nn	-0.010376	-0.010456	-4.125000	0.001867
CASE	991036616	45	nn	0.045971	0.060509	7.250000	0.025581
CASE	991036756	19	nn	-0.050119	-0.062500	-12.437500	0.034243
CASE	991036806	69	nn	0.008707	0.009443	2.937500	0.002877
CASE	991036836	8	nn	-0.058162	-0.093750	5.500000	0.098974
CASE	991036926	15	nn	0.001049	0.000000	3.250000	0.000355
CASE	991037056	55	nn	-0.034123	-0.041290	-8.687500	0.020270
CASE	991037076	80	nn	0.006250	0.014820	-5.000000	0.010473
CASE	991037606	8	nn	0.032165	0.062500	-13.875000	0.110590
CASE	991037676	77	nn	0.028866	0.031314	9.937500	0.018515
CASE	991037756	72	bb	-0.004378	-0.004170	-1.187500	0.011549
CASE	991037766	81	nn	0.024092	0.028650	6.812500	0.014393
CASE	991037826	55	bb	-0.007020	-0.009834	-0.875000	0.015946
CASE	991037996	55	nn	-0.016845	-0.015491	-12.687500	0.002175
CASE	991038166	50	nn	-0.035657	-0.044743	-7.062500	0.017019
CASE	991038176	63	nn	0.036718	0.042989	10.437500	0.019633
CASE	991038576	32	nn	0.085642	0.094813	27.812500	0.031463
CASE	991038836	34	nn	-0.057193	-0.064676	-17.812500	0.023343
CASE	991038906	13	nn	-0.001781	0.000000	-2.437500	0.000158
CASE	991039056	81	nn	-0.016545	-0.017887	-6.750000	0.010891
CASE	991039306	69	nn	-0.007950	-0.007120	-5.687500	0.002929
POS	3897	237
