CASE	991000175	70	nn	0.073272	0.082868	24.250000	0.020085
CASE	991000265	75	nn	-0.002107	-0.006072	4.000000	0.011471
CASE	991000585	50	bb	0.017627	0.023355	2.250000	0.006161
CASE	991000605	73	nn	0.007206	0.011516	-6.062500	0.007731
CASE	991000615	81	bb	0.007168	0.006693	3.312500	0.002328
CASE	991000625	8	nn	0.000481	0.000000	0.562500	0.000007
CASE	991000745	38	nn	-0.002010	0.001817	-5.750000	0.015402
CASE	991000855	64	nn	0.055013	0.061670	16.687500	0.014720
CASE	991001045	79	nn	0.032221	0.038769	8.937500	0.014692
CASE	991001175	41	nn	0.005641	0.007544	0.812500	0.017029
CASE	991001305	86	nn	0.020650	0.019917	9.250000	0.015029
CASE	991001485	8	nn	-0.131439	-0.187500	-7.750000	0.085386
CASE	991001545	66	nn	0.000934	-0.000265	1.062500	0.005029
CASE	991001725	75	nn	0.002936	0.000211	3.250000	0.013193
CASE	991001805	66	nn	0.004788	0.007720	-0.125000	0.012486
CASE	991002125	46	nn	-0.023034	-0.025736	-8.750000	0.006225
CASE	991002155	75	nn	-0.062804	-0.070800	-19.250000	0.007529
CASE	991002505	79	mixed	0.019425	0.023968	4.125000	0.018619
CASE	991002595	86	nn	0.014710	0.012288	8.062500	0.020587
CASE	991002655	58	nn	-0.007577	-0.007735	-3.187500	0.006118
CASE	991002775	4	bb	-0.044499	-0.062500	-3.500000	0.093366
CASE	991002795	28	bb	0.000000	0.000000	0.000000	0.000000
CASE	991003025	86	nn	-0.036249	-0.035319	-16.312500	0.014306
CASE	991003265	65	nn	0.018673	0.021403	5.375000	0.001827
CASE	991003295	11	nn	-0.000050	0.000000	-0.125000	0.000000
CASE	991003445	73	nn	-0.024221	-0.028304	-7.750000	0.022574
CASE	991003455	86	nn	-0.007579	-0.004997	-4.750000	0.008149
CASE	991003515	58	nn	0.004528	0.002073	5.750000	0.000527
CASE	991003545	3	nn	0.005473	0.000000	6.812500	0.000181
CASE	991003685	56	nn	-0.046343	-0.049162	-16.500000	0.014381
CASE	991003745	30	bb	-0.003193	-0.002424	-2.500000	0.000378
CASE	991003765	50	nn	0.004766	0.003752	2.812500	0.003186
CASE	991003935	50	bb	-0.016606	-0.017791	-6.125000	0.003594
CASE	991004095	37	nn	-0.044150	-0.052481	-11.750000	0.008781
CASE	991004285	55	nn	0.007086	0.007219	6.000000	0.005804
CASE	991004455	50	nn	-0.016883	-0.018754	-6.750000	0.011231
CASE	991004645	69	nn	-0.016483	-0.017820	-6.687500	0.002709
CASE	991004655	80	nn	0.038133	0.039433	11.937500	0.015848
CASE	991004725	63	nn	0.014962	0.018387	3.250000	0.024802
CASE	991004735	74	nn	-0.041754	-0.046775	-15.875000	0.012901
CASE	991004795	49	nn	-0.057217	-0.068511	-14.437500	0.024353
CASE	991005535	14	nn	-0.042292	-0.062500	1.000000	0.032476
CASE	991005685	79	nn	-0.008640	-0.008919	-4.437500	0.008136
CASE	991006005	50	nn	0.010805	0.014993	-1.625000	0.011164
CASE	991006115	80	nn	0.049649	0.055400	16.250000	0.024031
CASE	991006365	72	nn	-0.028914	-0.033481	-8.937500	0.009762
CASE	991006485	20	nn	-0.046788	-0.062500	-6.500000	0.036330
CASE	991006525	60	bb	-0.050787	-0.057941	-14.937500	0.006554
CASE	991006845	34	bb	0.019103	0.024098	4.187500	0.011939
CASE	991006895	86	nn	-0.003520	-0.002626	-2.625000	0.003016
CASE	991007145	76	bb	0.021156	0.021816	9.187500	0.008635
CASE	991007325	86	nn	-0.045051	-0.051400	-13.750000	0.011707
CASE	991007335	6	nn	0.004934	0.000000	7.812500	0.000499
CASE	991007525	25	nn	-0.004439	-0.009204	2.750000	0.016836
CASE	991007565	67	nn	-0.024301	-0.030919	-4.875000	0.017419
CASE	991008335	58	nn	0.033080	0.039185	8.937500	0.023975
CASE	991008455	8	nn	-0.002568	0.000000	-6.000000	0.000435
CASE	991008835	47	nn	-0.000074	0.004403	-9.312500	0.000739
CASE	991008985	22	nn	-0.016480	-0.023998	0.000000	0.029636
CASE	991009005	44	nn	-0.020597	-0.019563	-10.937500	0.005357
CASE	991009015	52	nn	-0.013741	-0.015514	-5.312500	0.012857
CASE	991009045	86	nn	-0.017549	-0.016361	-8.125000	0.016550
CASE	991009195	61	nn	-0.004154	-0.004593	-2.125000	0.000133
CASE	991009265	43	bb	-0.003220	-0.002183	-2.375000	0.001443
CASE	991009345	36	nn	-0.031509	-0.042887	-3.812500	0.005906
CASE	991009365	59	nn	0.004662	0.011470	-5.500000	0.003735
CASE	991009405	16	nn	0.061699	0.062500	27.312500	0.033994
CASE	991010045	53	nn	0.008819	0.010601	1.437500	0.007939
CASE	991010265	13	bb	-0.000409	0.000000	-1.062500	0.000164
CASE	991010315	64	nn	0.008696	0.010450	1.625000	0.001847
CASE	991010575	65	nn	-0.014088	-0.016909	-2.750000	0.010227
CASE	991011055	29	nn	0.000224	-0.000619	1.937500	0.000092
CASE	991011445	77	nn	0.026195	0.022155	13.875000	0.017420
CASE	991011495	40	nn	-0.000212	-0.004283	2.687500	0.031431
CASE	991011565	25	nn	0.010658	0.006666	12.562500	0.000675
CASE	991011965	81	nn	0.058610	0.070529	15.250000	0.024897
CASE	991012555	66	nn	0.016774	0.014259	9.000000	0.024795
CASE	991012625	51	nn	-0.028871	-0.037307	-4.125000	0.018830
CASE	991012855	26	bb	-0.000428	-0.000321	-0.375000	0.000234
CASE	991012975	55	bb	-0.034803	-0.041733	-8.687500	0.018742
CASE	991013075	74	nn	0.012106	0.014636	2.250000	0.025182
CASE	991013225	52	nn	-0.029672	-0.037297	-7.125000	0.009312
CASE	991013255	80	nn	-0.100244	-0.114577	-30.750000	0.024198
CASE	991013585	65	nn	0.016606	0.018176	7.125000	0.003846
CASE	991013685	80	bb	-0.029931	-0.034202	-8.750000	0.016090
CASE	991013775	86	nn	-0.013730	-0.015179	-4.687500	0.015661
CASE	991014335	38	nn	-0.067989	-0.093258	-7.312500	0.020505
CASE	991014615	65	bb	0.015571	0.019151	3.500000	0.012649
CASE	991014635	86	nn	-0.035406	-0.040192	-10.500000	0.017976
CASE	991014795	73	nn	-0.027762	-0.033330	-6.625000	0.030922
CASE	991014855	43	nn	-0.055207	-0.070529	-9.625000	0.031132
CASE	991015125	54	nn	0.014749	0.017008	4.250000	0.001286
CASE	991015135	70	bb	-0.003421	-0.003679	-1.437500	0.005275
CASE	991015145	74	nn	0.037082	0.044486	9.750000	0.005647
CASE	991015215	63	nn	-0.021591	-0.025688	-5.687500	0.005366
CASE	991015495	86	nn	0.022246	0.023714	8.062500	0.001258
CASE	991015715	44	nn	-0.033382	-0.039570	-8.875000	0.006262
CASE	991016285	11	bb	-0.017071	0.000000	-33.750000	0.000689
CASE	991016345	76	nn	0.021303	0.022242	7.687500	0.012155
CASE	991016355	86	nn	0.025996	0.026657	9.937500	0.005216
CASE	991016465	22	nn	-0.013937	-0.019880	-1.125000	0.015800
CASE	991016495	54	nn	-0.036788	-0.043494	-11.625000	0.022307
CASE	991016645	29	nn	0.003530	-0.000464	6.625000	0.014546
CASE	991016745	45	bb	-0.044484	-0.049833	-15.500000	0.010846
CASE	991016805	14	nn	0.002917	0.000000	5.500000	0.001211
CASE	991016935	64	nn	-0.046474	-0.057821	-10.000000	0.007626
CASE	991017095	51	nn	0.001563	0.008679	-7.250000	0.003197
CASE	991017155	22	nn	-0.010917	-0.003137	-14.125000	0.007058
CASE	991017185	55	bb	-0.006002	-0.004134	-3.937500	0.002273
CASE	991017395	6	nn	0.001437	0.000000	1.562500	0.000150
CASE	991017525	50	nn	-0.033025	-0.039944	-8.062500	0.004311
CASE	991017665	17	nn	-0.024032	0.000000	-34.937500	0.147895
CASE	991017815	79	nn	0.019017	0.019143	9.437500	0.008240
CASE	991018035	42	nn	-0.000749	-0.000415	-0.625000	0.000618
CASE	991018115	40	nn	-0.029585	-0.036922	-6.000000	0.008967
CASE	991018825	60	nn	0.001959	-0.002198	5.000000	0.021463
CASE	991019025	4	nn	0.050263	0.062500	10.875000	0.028429
CASE	991019485	31	nn	-0.011505	-0.008320	-8.687500	0.003373
CASE	991019685	61	nn	-0.015077	-0.017196	-3.750000	0.008662
CASE	991019705	81	nn	-0.031161	-0.037695	-7.750000	0.004632
CASE	991019775	64	nn	-0.011591	-0.012654	-4.187500	0.013646
CASE	991019875	76	nn	-0.050336	-0.063875	-9.562500	0.006031
CASE	991019895	11	nn	-0.118559	-0.156250	-18.687500	0.156886
CASE	991019935	52	nn	0.061890	0.069065	19.375000	0.016416
CASE	991019995	26	nn	-0.013930	-0.015202	-4.875000	0.025497
CASE	991020115	59	nn	-0.089731	-0.105618	-26.187500	0.009732
CASE	991020225	86	nn	-0.015065	-0.016622	-5.000000	0.004450
CASE	991020395	79	nn	-0.018400	-0.021570	-5.750000	0.003146
CASE	991020555	71	bb	0.016947	0.018585	5.500000	0.006617
CASE	991020995	81	nn	0.060083	0.068544	18.437500	0.011608
CASE	991021045	45	nn	0.021555	0.018236	17.062500	0.004534
CASE	991021085	86	nn	-0.028086	-0.031792	-8.875000	0.007964
CASE	991021255	79	nn	0.016176	0.014511	10.187500	0.011017
CASE	991021405	60	nn	0.005707	0.004179	4.937500	0.003693
CASE	991021565	50	nn	0.029579	0.033630	8.812500	0.013868
CASE	991021745	53	nn	0.018815	0.018868	9.062500	0.004391
CASE	991021805	31	nn	-0.008762	-0.006635	-5.625000	0.044343
CASE	991021855	79	nn	0.047528	0.052384	17.125000	0.004305
CASE	991021905	46	nn	-0.005618	-0.003517	-6.812500	0.000226
CASE	991021935	76	nn	-0.008478	-0.010500	-1.812500	0.002588
CASE	991021945	86	nn	-0.002240	0.002103	-4.562500	0.006452
CASE	991022065	33	bb	-0.026050	-0.031763	-6.062500	0.011833
CASE	991022145	27	nn	0.028339	0.037301	4.125000	0.015553
CASE	991022175	57	nn	0.008026	0.008975	2.687500	0.016886
CASE	991022205	2	nn	0.010407	0.000000	14.875000	0.000227
CASE	991022885	78	nn	-0.056393	-0.066760	-14.750000	0.019320
CASE	991023005	28	bb	-0.005676	-0.002040	-8.125000	0.000187
CASE	991023015	36	bb	-0.034659	-0.038499	-11.062500	0.006535
CASE	991023175	25	nn	0.030951	0.037551	7.687500	0.005998
CASE	991023555	60	nn	0.000930	0.004557	-2.312500	0.004581
CASE	991023655	73	nn	-0.014861	-0.015264	-7.125000	0.026184
CASE	991023675	9	bb	-0.015503	-0.031250	6.750000	0.038848
CASE	991023895	55	nn	-0.028990	-0.033444	-8.375000	0.013560
CASE	991024115	15	nn	-0.061390	-0.093750	0.750000	0.039639
CASE	991024575	49	mixed	0.013464	0.029594	-8.125000	0.029302
CASE	991024845	58	bb	-0.001654	0.002739	-4.625000	0.003799
CASE	991024955	86	nn	-0.001050	-0.006198	4.250000	0.012244
CASE	991024975	19	nn	-0.046932	-0.062500	-0.312500	0.041093
CASE	991025385	86	bb	0.019425	0.021048	6.437500	0.007417
CASE	991025425	37	nn	-0.002134	-0.007852	3.812500	0.011035
CASE	991025585	28	nn	0.009696	0.018299	-3.125000	0.017127
CASE	991025965	64	bb	0.016331	0.018984	5.937500	0.001560
CASE	991026155	79	nn	-0.028219	-0.032327	-9.375000	0.011816
CASE	991026495	77	nn	-0.040163	-0.045670	-12.125000	0.010966
CASE	991026825	59	nn	0.015083	0.020296	2.500000	0.001734
CASE	991026925	76	nn	0.036425	0.044922	8.062500	0.024997
CASE	991027095	75	nn	-0.000671	-0.001246	1.875000	0.007176
CASE	991027125	15	nn	0.016140	0.000000	29.312500	0.000725
CASE	991027275	81	nn	0.032557	0.039117	7.437500	0.011005
CASE	991027465	13	nn	0.045038	0.062500	3.750000	0.034871
CASE	991027615	76	nn	0.032639	0.035902	12.750000	0.006207
CASE	991027665	43	nn	-0.021133	-0.017166	-13.312500	0.008794
CASE	991027875	79	nn	-0.012043	-0.015619	-1.562500	0.002734
CASE	991028135	83	nn	-0.010698	-0.011938	-3.812500	0.013311
CASE	991028455	60	nn	-0.017301	-0.016048	-8.437500	0.007462
CASE	991028475	79	nn	-0.028147	-0.025793	-19.875000	0.010391
CASE	991028575	7	nn	-0.106271	-0.156250	-2.500000	0.059719
CASE	991028605	38	bb	-0.001468	-0.001896	-0.250000	0.000014
CASE	991028635	65	nn	-0.035650	-0.046539	-7.187500	0.008907
CASE	991028735	81	nn	-0.032132	-0.032622	-12.687500	0.019884
CASE	991028825	86	nn	-0.038720	-0.047843	-8.437500	0.007797
CASE	991028895	69	nn	-0.004589	-0.007253	0.500000	0.017797
CASE	991029005	7	bb	0.002705	0.000000	4.125000	0.000027
CASE	991029215	46	bb	-0.000066	-0.000095	0.000000	0.000000
CASE	991029395	49	nn	0.012867	0.014763	4.062500	0.002860
CASE	991029435	7	mixed	0.058926	0.062500	22.437500	0.103997
CASE	991029645	45	bb	0.001264	0.000909	0.937500	0.000009
CASE	991029665	64	nn	-0.025273	-0.027829	-9.625000	0.009636
CASE	991029825	48	nn	-0.043643	-0.052384	-10.187500	0.026420
CASE	991029855	81	nn	-0.024964	-0.024957	-10.625000	0.011653
CASE	991029865	7	nn	0.061436	0.062500	29.250000	0.095252
CASE	991030055	25	nn	-0.086274	-0.110117	-15.812500	0.011081
CASE	991030065	35	nn	-0.000157	-0.001785	3.000000	0.012892
CASE	991030095	65	nn	-0.001362	-0.000815	-1.187500	0.000030
CASE	991030175	59	nn	-0.008469	-0.009645	-3.750000	0.008863
CASE	991030365	73	nn	0.017209	0.021122	5.187500	0.006032
CASE	991030395	22	bb	0.027229	0.027792	11.437500	0.009057
CASE	991030615	69	nn	-0.014637	-0.015887	-4.812500	0.016046
CASE	991030795	75	nn	-0.062117	-0.072686	-16.812500	0.016340
CASE	991031195	48	bb	0.009844	0.007574	7.437500	0.002150
CASE	991031315	81	nn	-0.034837	-0.044950	-7.000000	0.007050
CASE	991031405	86	nn	0.027610	0.031034	8.562500	0.011779
CASE	991031495	2	nn	0.001408	0.000000	1.750000	0.000010
CASE	991031705	40	nn	0.012167	0.005737	11.562500	0.001990
CASE	991032105	11	nn	-0.065634	-0.093750	-3.500000	0.137351
CASE	991032235	56	bb	-0.013854	-0.016502	-3.437500	0.003036
CASE	991032395	44	nn	-0.029945	-0.036512	-7.375000	0.011275
CASE	991032475	35	nn	0.028413	0.037802	4.375000	0.010944
CASE	991032575	52	bb	-0.001243	-0.001540	-0.250000	0.000027
CASE	991032675	62	nn	0.008032	0.016620	-3.937500	0.014180
CASE	991032915	46	bb	-0.003780	-0.005244	-0.375000	0.001849
CASE	991033015	62	nn	-0.003430	-0.005180	0.125000	0.000768
CASE	991033075	36	nn	-0.019173	-0.025183	-3.000000	0.013513
CASE	991033105	66	bb	0.018964	0.023728	3.750000	0.004229
CASE	991033255	44	nn	-0.033478	-0.038612	-12.125000	0.006403
CASE	991033405	21	bb	0.105561	0.125000	32.625000	0.139112
CASE	991033415	29	bb	0.002085	0.001722	0.875000	0.002963
CASE	991033445	57	bb	0.026444	0.032253	6.125000	0.018964
CASE	991033465	81	nn	0.104675	0.122273	28.250000	0.015840
CASE	991033655	12	nn	0.002230	0.000000	3.125000	0.138620
CASE	991033715	74	nn	0.004208	-0.003742	9.062500	0.002856
CASE	991033725	83	nn	0.028848	0.029166	12.000000	0.009417
CASE	991033875	56	bb	0.032893	0.044764	5.000000	0.020578
CASE	991034395	64	nn	0.044885	0.053008	12.625000	0.011971
CASE	991034405	73	nn	0.016902	0.018823	7.187500	0.010618
CASE	991034605	16	nn	0.013417	0.000000	18.250000	0.000697
CASE	991034665	76	nn	-0.033227	-0.031408	-17.687500	0.022615
CASE	991034725	52	nn	-0.054928	-0.061490	-17.687500	0.027282
CASE	991034735	57	bb	0.002475	0.003270	-0.437500	0.002379
CASE	991034885	37	bb	0.035795	0.043057	8.812500	0.006710
CASE	991034925	79	nn	0.029584	0.027497	21.187500	0.010594
CASE	991034975	38	nn	-0.019826	-0.014242	-20.375000	0.001136
CASE	991034985	50	nn	-0.014124	-0.014356	-4.375000	0.008561
CASE	991035595	60	nn	0.028315	0.034704	5.437500	0.025106
CASE	991035935	57	nn	0.003117	0.003952	0.562500	0.000425
CASE	991036135	86	nn	-0.024391	-0.026216	-8.062500	0.012396
CASE	991037235	65	nn	-0.019363	-0.023345	-5.375000	0.011420
CASE	991037365	26	nn	-0.008630	0.001355	-14.125000	0.008462
CASE	991037435	9	nn	-0.044113	-0.062500	-2.937500	0.171402
CASE	991037765	81	nn	0.016708	0.018976	4.562500	0.020026
CASE	991037815	45	nn	0.018830	0.022726	4.125000	0.015573
CASE	991038285	86	nn	0.000219	0.002187	-0.937500	0.004836
CASE	991038435	62	nn	0.013258	0.011415	12.875000	0.002657
CASE	991038595	48	mixed	0.008861	0.008423	12.000000	0.003139
CASE	991038885	82	nn	-0.025219	-0.029032	-7.437500	0.003909
CASE	991038925	33	nn	-0.004384	-0.003744	-1.500000	0.002872
CASE	991039175	29	nn	0.033292	0.036597	11.000000	0.023996
CASE	991039225	77	nn	-0.037260	-0.031714	-19.812500	0.013756
CASE	991039485	81	nn	-0.015717	-0.018631	-4.187500	0.016157
CASE	991039525	35	nn	0.028845	0.029677	10.625000	0.018615
CASE	991039805	56	nn	0.012459	0.009112	10.687500	0.001788
CASE	991039815	63	nn	-0.036413	-0.043520	-9.687500	0.011867
CASE	991039825	72	nn	-0.001858	-0.002774	0.125000	0.001346
POS	3929	253
