CASE	991000080	65	bb	-0.010681	-0.013015	-1.750000	0.011402
CASE	991000160	57	nn	-0.012774	-0.014012	-3.562500	0.014030
CASE	991000200	13	nn	-0.053662	-0.062500	-15.437500	0.248924
CASE	991000260	70	bb	0.003793	0.004440	0.937500	0.002171
CASE	991000350	77	bb	-0.002361	-0.005141	1.437500	0.012759
CASE	991000700	82	nn	-0.006078	-0.001590	-6.500000	0.010991
CASE	991000750	45	nn	0.034215	0.036649	12.500000	0.005818
CASE	991000870	81	bb	-0.027182	-0.029130	-10.312500	0.011225
CASE	991001060	13	nn	-0.004102	0.000000	-6.000000	0.001293
CASE	991001110	57	nn	0.028667	0.030738	13.937500	0.003569
CASE	991001210	77	nn	-0.041393	-0.046545	-13.062500	0.018375
CASE	991001290	65	nn	-0.012432	-0.017245	-1.000000	0.008852
CASE	991001550	68	nn	-0.000344	0.001732	-2.687500	0.009958
CASE	991001710	57	nn	0.014825	0.013417	8.812500	0.002391
CASE	991001890	68	nn	0.006224	0.003138	6.125000	0.014547
CASE	991001970	61	nn	0.033570	0.034579	16.250000	0.003963
CASE	991002050	57	nn	-0.013828	-0.016498	-3.750000	0.008422
CASE	991002240	69	nn	0.003278	0.004631	0.062500	0.000610
CASE	991002480	56	nn	-0.005268	-0.010081	2.125000	0.021683
CASE	991003360	74	bb	-0.001679	0.000309	-2.187500	0.002438
CASE	991003430	57	nn	-0.008648	-0.008931	-4.875000	0.004948
CASE	991003530	73	mixed	-0.111706	-0.125613	-36.062500	0.017241
CASE	991003750	36	nn	-0.000702	-0.000311	-2.875000	0.000387
CASE	991003890	3	bb	0.007062	0.000000	9.437500	0.000194
CASE	991004500	9	nn	0.028999	0.031250	10.500000	0.044557
CASE	991004570	81	bb	-0.021790	-0.022038	-8.125000	0.008962
CASE	991004830	81	nn	0.044856	0.045368	17.500000	0.011337
CASE	991004970	49	nn	-0.003939	-0.004945	-2.062500	0.023494
CASE	991005250	69	nn	0.001326	0.001113	0.875000	0.001456
CASE	991005300	35	nn	-0.041379	-0.053072	-7.437500	0.029624
CASE	991005490	56	nn	-0.003014	0.001255	-7.375000	0.000450
CASE	991005670	65	nn	-0.022357	-0.024591	-8.062500	0.011261
CASE	991005740	48	nn	0.023427	0.033724	1.750000	0.013942
CASE	991005750	57	nn	0.015335	0.019044	3.687500	0.013496
CASE	991005860	81	bb	-0.006775	-0.007233	-2.625000	0.000210
CASE	991005910	45	nn	-0.002436	-0.005063	1.625000	0.007722
CASE	991005920	55	nn	-0.007603	-0.009230	-1.875000	0.013858
CASE	991005940	72	nn	0.025807	0.035577	2.687500	0.006603
CASE	991006070	30	nn	0.007287	0.005029	7.250000	0.001596
CASE	991006520	55	nn	-0.055584	-0.066416	-14.562500	0.009647
CASE	991007130	60	nn	-0.034366	-0.044173	-6.500000	0.011700
CASE	991007270	31	nn	0.067029	0.086820	11.687500	0.014007
CASE	991007810	50	nn	0.027033	0.032367	7.125000	0.020044
CASE	991007910	69	nn	-0.025713	-0.032870	-3.812500	0.011884
CASE	991008260	75	nn	0.030622	0.036992	7.375000	0.013639
CASE	991008290	19	nn	0.096303	0.125000	17.500000	0.061882
CASE	991008410	53	nn	0.000519	0.005042	-3.562500	0.012261
CASE	991008440	80	nn	-0.012992	-0.019100	0.187500	0.021925
CASE	991008770	68	nn	0.009846	0.012131	1.312500	0.016725
CASE	991008820	32	bb	0.003456	0.001050	3.187500	0.010126
CASE	991009240	19	bb	0.087007	0.125000	4.250000	0.128897
CASE	991009260	43	nn	-0.035754	-0.042952	-8.687500	0.017849
CASE	991009420	29	nn	0.005589	0.005176	3.000000	0.000243
CASE	991009810	75	nn	0.001549	0.000971	1.125000	0.002519
CASE	991010270	20	nn	-0.065050	-0.062500	-36.125000	0.031606
CASE	991010420	81	nn	-0.020054	-0.019948	-12.625000	0.013822
CASE	991010580	73	nn	0.040649	0.045992	12.812500	0.020330
CASE	991010700	17	nn	0.000000	0.000000	0.000000	0.000000
CASE	991010760	81	nn	-0.042212	-0.049941	-10.937500	0.019375
CASE	991010840	72	nn	0.024072	0.027007	7.250000	0.010321
CASE	991011250	54	nn	0.072374	0.083783	21.250000	0.034493
CASE	991011320	33	bb	-0.000289	-0.000012	-0.750000	0.000002
CASE	991011380	11	nn	-0.083508	-0.125000	-0.187500	0.059328
CASE	991011690	64	nn	0.023587	0.025240	9.250000	0.025224
CASE	991011790	75	nn	0.013475	0.015110	3.062500	0.006438
CASE	991012140	81	nn	0.017773	0.017838	8.812500	0.011044
CASE	991012360	46	nn	0.001936	0.001717	2.125000	0.020727
CASE	991012500	13	nn	-0.043193	-0.062500	-2.062500	0.029400
CASE	991012540	50	bb	0.001453	0.004917	-2.125000	0.001588
CASE	991012770	21	bb	0.108060	0.156250	4.437500	0.068872
CASE	991012860	31	nn	-0.016895	-0.017008	-7.750000	0.001169
CASE	991013000	84	nn	0.006162	0.006108	2.562500	0.008050
CASE	991013030	29	bb	-0.001042	-0.002640	1.062500	0.001309
CASE	991013240	64	nn	-0.059428	-0.070919	-15.187500	0.014793
CASE	991013400	54	bb	-0.008283	-0.017568	4.312500	0.003757
CASE	991013770	81	nn	0.006223	0.003238	5.187500	0.006987
CASE	991013860	79	nn	-0.022748	-0.025358	-8.687500	0.011488
CASE	991013990	42	nn	0.028405	0.034339	6.875000	0.006591
CASE	991014020	68	bb	-0.006229	-0.004050	-4.250000	0.007248
CASE	991014030	83	bb	0.016021	0.018842	3.687500	0.009301
CASE	991014080	46	nn	0.001072	0.003782	-1.750000	0.006442
CASE	991014110	74	nn	-0.033942	-0.042680	-7.062500	0.013749
CASE	991014480	17	bb	-0.097145	-0.125000	-17.500000	0.197679
CASE	991014520	57	bb	-0.010387	-0.011499	-3.562500	0.018040
CASE	991014540	72	nn	-0.057253	-0.062468	-19.375000	0.008489
CASE	991014880	71	mixed	0.017561	0.032676	-3.875000	0.019877
CASE	991015040	57	nn	-0.052468	-0.064107	-12.875000	0.005220
CASE	991015750	80	nn	-0.010231	-0.009150	-5.562500	0.004491
CASE	991015810	57	nn	-0.021731	-0.021979	-10.937500	0.004819
CASE	991015910	69	nn	0.031917	0.040025	6.812500	0.007591
CASE	991016010	81	nn	0.022116	0.024095	8.937500	0.023657
CASE	991016070	59	nn	-0.080906	-0.095540	-22.562500	0.010292
CASE	991016160	62	nn	0.018552	0.019374	9.000000	0.011780
CASE	991016390	33	bb	-0.012709	-0.014164	-4.375000	0.003969
CASE	991016450	9	nn	0.007725	0.000000	8.625000	0.134313
CASE	991016810	24	nn	-0.008753	-0.000735	-10.250000	0.032075
CASE	991016850	64	nn	0.009636	0.009563	4.375000	0.001830
CASE	991017090	47	nn	-0.003354	-0.005411	0.062500	0.013137
CASE	991017230	14	nn	0.001891	0.000000	2.750000	0.000191
CASE	991018230	63	nn	0.031633	0.037729	8.687500	0.019777
CASE	991018270	22	bb	-0.007406	-0.010236	-0.750000	0.000913
CASE	991018960	21	nn	-0.099756	-0.125000	-20.625000	0.133344
CASE	991018990	51	nn	0.016462	0.022808	-0.062500	0.015824
CASE	991019000	64	nn	-0.013426	-0.012069	-8.875000	0.003071
CASE	991019020	81	nn	-0.021873	-0.024473	-7.187500	0.007902
CASE	991019260	66	nn	-0.030607	-0.039420	-5.625000	0.002292
CASE	991019350	66	nn	0.056760	0.068599	13.500000	0.015881
CASE	991019670	44	nn	-0.016844	-0.017612	-9.687500	0.006959
CASE	991019780	69	nn	0.018975	0.027304	0.812500	0.018520
CASE	991019990	21	nn	-0.226327	-0.312500	-23.000000	0.120204
CASE	991020190	50	nn	0.023387	0.029015	3.875000	0.005162
CASE	991020250	23	nn	0.045207	0.046488	20.250000	0.023292
CASE	991020360	46	nn	0.042622	0.052800	9.375000	0.033883
CASE	991020370	59	nn	-0.014415	-0.021213	0.375000	0.013642
CASE	991020630	58	nn	-0.037566	-0.048265	-6.125000	0.026795
CASE	991020850	23	bb	0.000367	-0.002691	2.937500	0.000002
CASE	991021060	60	nn	0.027116	0.034750	6.062500	0.008311
CASE	991021170	82	nn	-0.002168	0.001873	-2.812500	0.008380
CASE	991021190	17	nn	0.063675	0.062500	30.875000	0.249783
CASE	991021710	22	nn	0.003964	0.002532	4.687500	0.000354
CASE	991022090	54	nn	-0.024293	-0.028033	-7.062500	0.010258
CASE	991022360	68	nn	-0.067213	-0.076546	-21.937500	0.020254
CASE	991022650	17	nn	-0.005595	0.000000	-11.937500	0.000705
CASE	991022860	55	nn	-0.009767	-0.016169	6.187500	0.008070
CASE	991023090	26	nn	-0.029699	-0.032262	-12.875000	0.011989
CASE	991023290	55	nn	0.010121	0.013717	1.000000	0.009907
CASE	991023710	43	bb	0.032172	0.039772	7.000000	0.017291
CASE	991023960	37	nn	-0.059616	-0.075263	-13.250000	0.024577
CASE	991024090	79	nn	-0.024529	-0.024843	-14.187500	0.004135
CASE	991024170	74	bb	0.027856	0.031006	9.812500	0.016679
CASE	991024260	77	nn	0.027928	0.033088	7.312500	0.003284
CASE	991024650	35	nn	0.000225	0.000614	-0.625000	0.001086
CASE	991024920	51	nn	0.015800	0.015307	7.062500	0.007515
CASE	991024940	71	nn	-0.009014	-0.008281	-4.187500	0.005035
CASE	991025290	73	nn	-0.000919	-0.006159	4.625000	0.014170
CASE	991025510	36	nn	-0.018434	-0.022652	-5.625000	0.006650
CASE	991025590	28	nn	-0.017269	-0.019979	-5.812500	0.015795
CASE	991025620	63	bb	-0.002505	-0.002955	-0.750000	0.000047
CASE	991025780	48	bb	0.004683	0.004626	2.062500	0.000351
CASE	991026040	53	nn	-0.011064	-0.003078	-16.000000	0.015443
CASE	991026230	70	nn	-0.030125	-0.034355	-9.750000	0.019742
CASE	991026450	31	nn	-0.037770	-0.042971	-11.437500	0.019004
CASE	991026570	62	bb	0.012860	0.013358	5.250000	0.011864
CASE	991026930	80	nn	0.006888	0.007875	2.937500	0.002637
CASE	991027050	31	nn	0.043246	0.057040	6.812500	0.009806
CASE	991027130	25	bb	-0.020854	-0.019403	-9.625000	0.005602
CASE	991027240	49	nn	0.000882	0.001790	0.312500	0.003258
CASE	991027390	27	nn	0.020782	0.025556	4.812500	0.045991
CASE	991027990	23	nn	0.000419	-0.000228	0.687500	0.000003
CASE	991028000	34	nn	-0.001992	-0.002407	-0.375000	0.000239
CASE	991028030	62	nn	0.031582	0.043210	4.125000	0.012773
CASE	991028220	79	nn	0.004514	0.007573	-0.937500	0.003512
CASE	991028260	37	nn	0.003843	0.005065	0.375000	0.004616
CASE	991028480	80	bb	-0.042571	-0.049662	-11.750000	0.011225
CASE	991028520	39	bb	0.000000	0.000000	0.000000	0.000000
CASE	991028730	76	nn	-0.030471	-0.035399	-8.937500	0.011952
CASE	991029070	70	nn	0.021398	0.022469	9.437500	0.024296
CASE	991029140	53	bb	-0.012098	-0.015039	-2.437500	0.007137
CASE	991029250	81	nn	-0.024728	-0.029668	-4.750000	0.017907
CASE	991029390	49	nn	-0.018478	-0.019648	-6.750000	0.012403
CASE	991029990	43	nn	-0.021024	-0.028375	-2.125000	0.017789
CASE	991030300	7	nn	0.003685	0.000000	5.500000	0.000215
CASE	991030480	20	nn	0.240771	0.343750	13.437500	0.121423
CASE	991030500	39	nn	0.023871	0.029978	5.000000	0.016422
CASE	991030750	32	nn	-0.043968	-0.054232	-9.500000	0.031945
CASE	991030850	42	nn	0.013203	0.016278	2.750000	0.011766
CASE	991030860	57	nn	-0.006676	-0.006060	-3.625000	0.011167
CASE	991030970	80	nn	0.006867	0.013121	-2.625000	0.009850
CASE	991031140	78	nn	-0.029682	-0.030088	-11.687500	0.014611
CASE	991031420	9	bb	-0.042406	-0.062500	-0.875000	0.033824
CASE	991031700	37	bb	-0.028644	-0.037749	-4.125000	0.026793
CASE	991031780	30	bb	0.001397	0.002239	0.000000	0.001470
CASE	991031890	55	bb	0.041793	0.050446	10.000000	0.018807
CASE	991031920	79	nn	0.012333	0.016222	2.250000	0.008671
CASE	991032000	75	nn	0.017739	0.020640	5.375000	0.009267
CASE	991032150	56	nn	0.047896	0.053592	17.250000	0.008948
CASE	991032230	45	nn	-0.011179	-0.012025	-6.125000	0.007154
CASE	991032340	74	bb	-0.014174	-0.019037	-2.000000	0.010855
CASE	991032430	78	nn	-0.014197	-0.010722	-8.937500	0.003706
CASE	991032570	46	bb	-0.000261	-0.000183	-0.187500	0.000050
CASE	991032730	34	nn	0.035174	0.042465	8.125000	0.037897
CASE	991032780	81	nn	0.011518	0.017026	-0.625000	0.014254
CASE	991032800	19	nn	-0.010974	0.000000	-25.375000	0.000354
CASE	991032810	25	nn	-0.026020	-0.027821	-10.375000	0.014366
CASE	991033530	61	nn	0.013564	0.014267	8.687500	0.006286
CASE	991033710	66	nn	0.000760	0.001831	-0.250000	0.010897
CASE	991033830	14	nn	0.021365	0.031250	0.875000	0.073884
CASE	991033880	66	nn	-0.007624	-0.010586	-0.437500	0.002289
CASE	991033920	21	bb	-0.097550	-0.125000	-17.875000	0.077991
CASE	991034320	77	nn	-0.034813	-0.034126	-15.625000	0.019665
CASE	991034550	49	nn	0.023126	0.032510	1.625000	0.019306
CASE	991034660	70	bb	-0.013659	-0.017409	-2.562500	0.004184
CASE	991035090	72	nn	0.001283	-0.004701	5.625000	0.013882
CASE	991035470	23	bb	0.000600	0.000153	0.437500	0.000202
CASE	991035570	37	bb	0.024384	0.029624	6.000000	0.012084
CASE	991035770	62	nn	-0.017478	-0.016612	-8.500000	0.014654
CASE	991036040	74	nn	0.012647	0.015431	2.000000	0.004721
CASE	991036110	57	nn	-0.019558	-0.025281	-3.000000	0.025768
CASE	991036200	61	nn	-0.010393	-0.011863	-5.187500	0.008122
CASE	991036350	41	nn	0.001861	0.002667	0.250000	0.000009
CASE	991036490	6	nn	0.000154	0.000000	0.187500	0.000000
CASE	991036530	50	nn	0.001025	-0.000785	7.937500	0.000256
CASE	991036580	15	nn	-0.124542	-0.187500	2.625000	0.086862
CASE	991036710	55	nn	-0.025710	-0.023559	-12.500000	0.010662
CASE	991036780	41	bb	-0.005864	-0.008104	-0.562500	0.000257
CASE	991037330	74	nn	-0.025968	-0.027280	-8.312500	0.021408
CASE	991037420	81	nn	0.000307	0.002736	-1.750000	0.013365
CASE	991037670	68	nn	-0.021642	-0.024179	-8.375000	0.003888
CASE	991037750	65	bb	0.048169	0.055345	13.437500	0.015102
CASE	991037760	74	nn	-0.005287	-0.002778	-7.125000	0.020846
CASE	991037920	63	nn	-0.011614	-0.014458	-2.250000	0.014167
CASE	991037950	9	nn	-0.000480	0.000000	-0.687500	0.000143
CASE	991038120	5	bb	-0.000296	0.000000	-0.562500	0.000008
CASE	991038340	52	bb	-0.013458	-0.015698	-4.250000	0.000768
CASE	991038350	62	nn	-0.021739	-0.026549	-4.812500	0.010382
CASE	991038420	45	nn	-0.071665	-0.084559	-20.625000	0.046149
CASE	991038500	42	bb	-0.011552	-0.018484	1.437500	0.035253
CASE	991038580	33	nn	-0.010129	-0.009509	-3.687500	0.001552
CASE	991038610	63	nn	-0.056198	-0.064861	-15.750000	0.012688
CASE	991038640	10	nn	0.004676	0.000000	9.000000	0.000164
CASE	991038880	77	bb	0.026046	0.029835	7.625000	0.005189
CASE	991038940	51	bb	-0.002873	-0.001535	-2.625000	0.001217
CASE	991039050	76	nn	0.027073	0.027900	11.062500	0.014788
CASE	991039300	67	nn	0.003579	-0.001924	6.187500	0.003389
CASE	991039740	79	nn	0.001569	0.001495	3.500000	0.013158
CASE	991039770	20	bb	0.001281	0.000000	1.875000	0.000011
CASE	991039960	41	nn	0.022437	0.015184	16.812500	0.003235
POS	3905	227
