CASE	991000003	68	nn	0.000062	0.002747	-2.250000	0.003807
CASE	991000153	47	nn	-0.020964	-0.023813	-3.750000	0.009909
CASE	991000163	59	nn	-0.017457	-0.014431	-9.812500	0.009793
CASE	991000333	58	nn	0.000712	-0.000961	4.375000	0.000558
CASE	991000343	68	bb	0.012004	0.009481	8.375000	0.000845
CASE	991000493	46	nn	0.090967	0.109079	22.562500	0.013526
CASE	991000503	55	nn	-0.056243	-0.064764	-15.562500	0.014417
CASE	991000643	26	nn	-0.027763	-0.035363	-5.937500	0.010858
CASE	991000653	31	nn	0.008900	0.011900	1.250000	0.004898
CASE	991000783	79	nn	0.029206	0.032338	10.500000	0.011331
CASE	991001233	13	nn	0.135411	0.187500	13.625000	0.095567
CASE	991001633	69	nn	0.001200	-0.000772	1.687500	0.007367
CASE	991001883	59	nn	0.051863	0.059093	15.937500	0.019217
CASE	991002143	62	nn	-0.003998	-0.003270	-2.500000	0.015161
CASE	991002553	44	bb	0.068649	0.078100	20.750000	0.037672
CASE	991002673	78	nn	0.023326	0.024434	9.312500	0.020033
CASE	991002743	60	nn	-0.003473	-0.002870	-2.187500	0.000101
CASE	991003013	72	nn	0.006321	0.010439	-2.625000	0.011079
CASE	991003023	80	nn	-0.028981	-0.032943	-9.437500	0.014410
CASE	991003073	48	nn	0.000611	0.001867	-0.437500	0.007798
CASE	991003123	12	nn	-0.095832	-0.125000	-16.312500	0.268144
CASE	991003133	17	nn	-0.051877	-0.062500	-14.562500	0.036000
CASE	991003143	30	bb	0.002227	0.001945	1.375000	0.000122
CASE	991003323	40	nn	0.004176	0.002210	4.812500	0.000453
CASE	991003733	17	nn	0.041478	0.062500	-0.312500	0.096345
CASE	991003883	82	nn	0.019332	0.017102	10.687500	0.011150
CASE	991004143	86	nn	-0.017033	-0.021662	-3.187500	0.004912
CASE	991004353	36	nn	-0.053850	-0.060008	-17.312500	0.025159
CASE	991004383	62	nn	-0.009417	-0.009245	-3.875000	0.016432
CASE	991004483	79	bb	-0.001912	-0.002156	-0.625000	0.000028
CASE	991004543	53	nn	-0.067781	-0.075660	-22.750000	0.008593
CASE	991004573	86	nn	0.011022	0.009751	5.875000	0.011875
CASE	991004603	26	bb	0.001105	0.000081	2.250000	0.000010
CASE	991004893	62	nn	0.042574	0.044813	15.937500	0.013247
CASE	991005143	51	nn	-0.005781	-0.003441	-4.562500	0.014524
CASE	991005183	5	nn	-0.049647	-0.062500	-11.062500	0.035764
CASE	991005193	17	nn	-0.086054	-0.125000	-2.812500	0.059903
CASE	991005403	55	nn	0.015410	0.016300	5.625000	0.021084
CASE	991005543	23	nn	-0.035925	-0.040777	-10.875000	0.007108
CASE	991005863	86	nn	0.014272	0.013954	6.437500	0.006048
CASE	991006003	54	nn	-0.011413	-0.014943	-1.500000	0.003864
CASE	991006023	74	nn	-0.008462	-0.008773	-1.687500	0.024240
CASE	991006193	68	nn	-0.075070	-0.090077	-20.187500	0.007486
CASE	991006333	38	nn	0.009214	0.014343	0.125000	0.014066
CASE	991006373	80	bb	0.019928	0.023681	4.937500	0.004679
CASE	991006453	71	nn	0.023233	0.032201	2.875000	0.005672
CASE	991006463	81	nn	0.051710	0.063186	13.000000	0.010897
CASE	991006503	37	nn	-0.041406	-0.050634	-9.562500	0.005536
CASE	991006583	32	nn	0.006572	0.016090	-5.687500	0.017427
CASE	991006773	49	nn	0.014839	0.017495	3.875000	0.007825
CASE	991006973	78	nn	-0.033140	-0.039896	-7.750000	0.025043
CASE	991007083	13	nn	-0.082445	-0.125000	4.000000	0.128331
CASE	991007373	43	nn	-0.021631	-0.024265	-7.375000	0.015106
CASE	991007453	40	nn	-0.020514	-0.020976	-8.125000	0.005385
CASE	991008143	39	nn	-0.009645	-0.009144	-5.937500	0.002248
CASE	991008343	70	bb	0.017516	0.018837	6.250000	0.003993
CASE	991008413	54	nn	-0.003557	-0.004364	-0.812500	0.000161
CASE	991008683	67	nn	-0.019419	-0.021339	-6.562500	0.002806
CASE	991008853	63	nn	-0.003730	0.004650	-9.062500	0.019263
CASE	991008863	73	nn	-0.005967	-0.003677	-5.750000	0.020651
CASE	991008953	80	nn	0.023191	0.025104	9.000000	0.012948
CASE	991009073	27	nn	0.030878	0.031912	15.875000	0.003753
CASE	991009733	86	nn	-0.034524	-0.036699	-12.250000	0.004774
CASE	991009763	24	bb	-0.029274	-0.038676	-4.312500	0.002846
CASE	991009843	21	nn	0.037582	0.062500	-6.437500	0.097970
CASE	991009973	67	nn	-0.007238	-0.010705	1.812500	0.026536
CASE	991010063	70	nn	-0.021230	-0.020111	-10.437500	0.017770
CASE	991010133	55	nn	-0.011425	-0.014586	-2.000000	0.001132
CASE	991010163	86	nn	0.028489	0.032933	7.375000	0.003314
CASE	991010223	56	nn	0.022162	0.015850	15.937500	0.002716
CASE	991010373	38	nn	0.009443	0.018264	-5.687500	0.002376
CASE	991010903	52	nn	0.005795	0.013603	-4.125000	0.015033
CASE	991011133	20	nn	0.001535	0.000000	0.937500	0.066673
CASE	991011253	57	nn	-0.016076	-0.021350	-1.812500	0.003702
CASE	991011263	67	nn	-0.019465	-0.021723	-6.062500	0.001093
CASE	991011533	74	nn	-0.014444	-0.014026	-10.125000	0.009441
CASE	991011683	58	nn	0.009367	0.009412	4.375000	0.008552
CASE	991011863	62	nn	0.020502	0.026988	5.375000	0.024574
CASE	991011943	56	nn	-0.000646	-0.000876	0.062500	0.000534
CASE	991011973	3	nn	0.000000	0.000000	0.000000	0.000000
CASE	991012233	5	bb	0.042518	0.062500	1.000000	0.028351
CASE	991012393	80	bb	-0.037920	-0.040398	-13.750000	0.013380
CASE	991012733	72	bb	-0.023773	-0.029391	-5.125000	0.008648
CASE	991013043	42	nn	-0.024212	-0.028549	-6.125000	0.019982
CASE	991013173	86	bb	-0.010162	-0.009749	-4.625000	0.004109
CASE	991013293	33	nn	-0.010231	-0.005545	-11.125000	0.002992
CASE	991013423	76	nn	0.023381	0.010146	22.187500	0.010697
CASE	991013513	81	nn	-0.021150	-0.026039	-6.312500	0.017710
CASE	991013583	64	nn	0.044796	0.055581	9.250000	0.010372
CASE	991013613	10	nn	0.000923	0.000000	9.625000	0.000011
CASE	991013653	50	nn	0.020062	0.021236	7.125000	0.014569
CASE	991013673	69	nn	-0.007752	-0.004626	-5.687500	0.003812
CASE	991013763	72	nn	-0.002576	0.003041	-4.875000	0.015872
CASE	991014113	76	nn	-0.027417	-0.033865	-6.437500	0.014952
CASE	991014183	64	nn	0.025301	0.029682	8.750000	0.002258
CASE	991014343	51	bb	0.000000	0.000000	0.000000	0.000000
CASE	991014513	46	nn	-0.048515	-0.055347	-14.375000	0.013442
CASE	991015233	80	bb	0.038871	0.040416	15.312500	0.002851
CASE	991015263	25	nn	-0.033115	-0.033130	-16.187500	0.015559
CASE	991015883	41	nn	0.045902	0.058122	7.500000	0.015946
CASE	991016583	53	nn	-0.004512	-0.002265	-4.187500	0.006636
CASE	991016683	70	nn	-0.044126	-0.055446	-8.375000	0.017267
CASE	991016853	68	nn	-0.049767	-0.055972	-18.062500	0.020302
CASE	991017043	86	bb	-0.004976	-0.005177	-1.937500	0.011326
CASE	991017193	62	nn	0.011856	0.016173	1.812500	0.022221
CASE	991017343	41	bb	-0.000092	-0.000136	0.000000	0.000006
CASE	991017693	48	nn	-0.058988	-0.079242	-7.625000	0.015201
CASE	991018333	86	bb	-0.020156	-0.025089	-3.625000	0.025150
CASE	991018493	73	bb	-0.007757	-0.006046	-5.937500	0.000197
CASE	991018533	26	nn	0.066894	0.078663	17.500000	0.023373
CASE	991018833	69	nn	0.013455	0.022081	-1.500000	0.013963
CASE	991018963	25	nn	-0.014824	-0.003242	-21.687500	0.001403
CASE	991019013	78	bb	-0.057418	-0.062083	-21.812500	0.012925
CASE	991019313	32	nn	0.049520	0.063334	9.625000	0.008723
CASE	991019363	81	bb	-0.018192	-0.026193	-0.562500	0.013900
CASE	991019523	71	nn	0.018392	0.018650	7.312500	0.015409
CASE	991019603	63	bb	-0.018444	-0.020572	-7.125000	0.029838
CASE	991019633	10	nn	-0.048540	-0.062500	-5.312500	0.034423
CASE	991019723	14	bb	0.000160	0.000000	0.312500	0.000000
CASE	991019763	51	nn	-0.026057	-0.035244	-2.125000	0.022326
CASE	991020483	86	nn	-0.002469	-0.008621	4.500000	0.013246
CASE	991020603	30	nn	0.004274	-0.002214	7.125000	0.018603
CASE	991020643	73	nn	-0.011066	-0.010005	-5.437500	0.008555
CASE	991020953	39	nn	-0.006453	-0.008362	-1.062500	0.000646
CASE	991021053	53	nn	-0.010315	-0.012078	-2.875000	0.011799
CASE	991021413	69	nn	0.007600	0.010686	0.312500	0.012888
CASE	991021703	16	bb	-0.002220	0.000000	-4.625000	0.000124
CASE	991021833	59	nn	-0.039278	-0.050123	-7.250000	0.006011
CASE	991021993	46	bb	-0.022584	-0.022739	-9.687500	0.008654
CASE	991022083	51	nn	-0.040272	-0.037200	-30.500000	0.003363
CASE	991022203	86	nn	0.021527	0.025274	5.687500	0.012815
CASE	991022333	40	nn	0.008817	0.005478	8.875000	0.001725
CASE	991022503	42	nn	0.038652	0.052780	4.375000	0.017155
CASE	991022523	62	nn	0.005836	0.003997	4.625000	0.012842
CASE	991022633	86	nn	0.000053	-0.000583	0.000000	0.006948
CASE	991022783	63	bb	-0.012052	-0.007489	-9.062500	0.002204
CASE	991022863	57	bb	0.017537	0.024033	1.500000	0.007503
CASE	991022913	21	bb	-0.001043	0.000000	-0.062500	0.000736
CASE	991022953	62	nn	0.010420	0.010935	4.687500	0.004485
CASE	991023063	86	nn	0.006354	0.006578	2.312500	0.004942
CASE	991023103	38	nn	-0.040418	-0.046691	-12.312500	0.003087
CASE	991023233	81	nn	0.060444	0.069982	17.687500	0.010869
CASE	991023493	86	nn	-0.015943	-0.018571	-4.562500	0.012829
CASE	991024073	59	nn	0.002534	-0.001504	6.312500	0.004040
CASE	991024353	86	nn	-0.024665	-0.032242	-4.500000	0.006422
CASE	991024363	10	bb	0.111723	0.156250	9.375000	0.190729
CASE	991024513	72	bb	-0.054424	-0.062624	-18.687500	0.008516
CASE	991024583	57	nn	0.012716	0.013590	5.437500	0.004246
CASE	991025023	67	nn	-0.022090	-0.030375	-2.125000	0.020487
CASE	991025313	12	nn	-0.044285	-0.062500	-0.437500	0.037210
CASE	991025553	82	nn	-0.007533	-0.014802	3.750000	0.004725
CASE	991025643	86	bb	-0.020872	-0.019636	-9.562500	0.004015
CASE	991025853	38	nn	0.035640	0.048623	3.125000	0.019473
CASE	991025873	57	nn	-0.018281	-0.023271	-3.312500	0.010659
CASE	991026403	70	nn	0.020691	0.024278	5.687500	0.023291
CASE	991026463	45	nn	-0.018237	-0.022719	-3.750000	0.016438
CASE	991026503	86	nn	-0.033922	-0.037344	-11.750000	0.003354
CASE	991027163	57	nn	-0.018625	-0.016226	-10.500000	0.007571
CASE	991027183	75	bb	-0.011423	-0.018184	4.375000	0.002214
CASE	991027243	52	nn	-0.040249	-0.047426	-11.437500	0.018604
CASE	991027763	56	nn	-0.013708	-0.017795	-2.000000	0.008112
CASE	991028003	36	bb	-0.000431	-0.000352	-0.250000	0.000003
CASE	991028103	50	bb	0.001812	0.001317	1.125000	0.002840
CASE	991028243	18	nn	-0.043875	-0.062500	0.812500	0.155848
CASE	991028293	68	nn	0.004641	0.006679	5.000000	0.000868
CASE	991028563	79	nn	-0.054950	-0.062067	-19.437500	0.007088
CASE	991028653	86	nn	-0.020892	-0.023418	-6.750000	0.013065
CASE	991028683	26	nn	0.028713	0.036275	6.875000	0.004794
CASE	991028853	24	nn	-0.042267	-0.040439	-22.812500	0.008795
CASE	991029263	4	nn	0.000103	0.000000	0.125000	0.000000
CASE	991029643	41	nn	0.034209	0.041651	9.937500	0.008613
CASE	991029653	54	nn	0.019684	0.021979	6.187500	0.003150
CASE	991029683	79	nn	0.038880	0.041835	15.562500	0.006727
CASE	991029733	48	nn	-0.003935	-0.012707	9.000000	0.029044
CASE	991029763	75	bb	-0.026142	-0.025989	-12.375000	0.006150
CASE	991029833	61	nn	0.041152	0.045331	19.875000	0.007951
CASE	991029943	86	nn	-0.018227	-0.020979	-5.937500	0.014087
CASE	991030163	46	bb	-0.020155	-0.020477	-9.687500	0.003901
CASE	991030423	45	bb	0.000345	0.000393	0.125000	0.000002
CASE	991030803	86	bb	-0.011253	-0.011861	-4.562500	0.005717
CASE	991031703	40	nn	-0.002753	-0.000096	-12.250000	0.000060
CASE	991031813	59	nn	0.011615	0.001252	13.187500	0.007830
CASE	991031963	42	nn	-0.002214	-0.001329	-2.625000	0.000520
CASE	991032033	24	nn	0.003500	0.002651	3.687500	0.000505
CASE	991032433	80	bb	-0.004582	-0.005605	-0.937500	0.007539
CASE	991032453	15	bb	-0.001355	0.000000	-1.375000	0.000161
CASE	991032593	70	nn	-0.004430	-0.007663	0.750000	0.021654
CASE	991032603	80	bb	-0.015643	-0.020413	-2.750000	0.003343
CASE	991032623	14	nn	0.057827	0.062500	21.625000	0.099235
CASE	991032663	50	nn	-0.016740	-0.018848	-5.187500	0.014911
CASE	991032823	39	bb	-0.001910	0.000701	-3.500000	0.000094
CASE	991032933	62	nn	-0.041404	-0.050220	-9.562500	0.011210
CASE	991033283	68	nn	-0.023832	-0.030580	-4.500000	0.006534
CASE	991033553	83	nn	-0.044227	-0.047562	-14.312500	0.024046
CASE	991033563	6	nn	0.001739	0.000000	3.312500	0.000193
CASE	991033943	39	bb	0.026901	0.031494	7.750000	0.009559
CASE	991034203	40	nn	0.004917	0.007934	-0.375000	0.004487
CASE	991034383	53	nn	-0.032474	-0.036017	-10.312500	0.009912
CASE	991034413	82	nn	0.048649	0.055056	14.375000	0.007638
CASE	991034493	77	nn	-0.038350	-0.041839	-12.812500	0.013784
CASE	991034553	50	bb	0.000132	0.000222	-0.062500	0.000003
CASE	991034673	86	nn	0.001184	0.004192	-2.125000	0.005672
CASE	991034833	73	nn	0.016572	0.024564	1.375000	0.014537
CASE	991034943	11	nn	0.002455	0.000000	3.250000	0.000193
CASE	991035763	56	nn	-0.004536	-0.008305	2.187500	0.008070
CASE	991035873	81	nn	-0.082906	-0.094045	-26.812500	0.013967
CASE	991035963	86	nn	0.010415	0.010737	4.250000	0.008317
CASE	991036293	72	nn	0.016664	0.023702	1.125000	0.008784
CASE	991036533	51	nn	-0.002839	-0.003740	-0.437500	0.000270
CASE	991036643	77	nn	-0.027260	-0.030178	-8.687500	0.019548
CASE	991036703	50	nn	0.013897	0.016945	3.125000	0.008259
CASE	991036783	44	nn	0.027291	0.032706	7.000000	0.002786
CASE	991037143	59	nn	-0.067648	-0.076022	-21.437500	0.016424
CASE	991037213	45	bb	0.006897	0.003144	5.125000	0.009657
CASE	991037333	75	nn	-0.019409	-0.018351	-8.625000	0.012675
CASE	991037383	39	bb	-0.010743	-0.013987	-1.562500	0.005975
CASE	991037593	81	nn	0.023538	0.026909	7.812500	0.007628
CASE	991037683	86	bb	0.028820	0.030437	11.062500	0.003345
CASE	991037813	42	nn	-0.031807	-0.043051	-3.812500	0.011927
CASE	991037843	69	nn	-0.036347	-0.040429	-11.312500	0.022290
CASE	991037933	74	bb	0.040055	0.049259	9.187500	0.004830
CASE	991038113	86	nn	-0.009028	-0.011290	-1.687500	0.015943
CASE	991038243	41	nn	-0.007747	-0.005052	-8.937500	0.000631
CASE	991038283	81	bb	0.019228	0.023954	3.937500	0.003450
CASE	991038543	86	nn	0.018824	0.021966	5.062500	0.010725
CASE	991038753	36	nn	0.002185	0.002757	0.500000	0.000076
CASE	991039403	86	nn	-0.019534	-0.027196	-2.187500	0.003662
CASE	991039473	69	bb	-0.007924	-0.007917	-3.187500	0.018391
CASE	991039773	24	bb	-0.025919	-0.027180	-9.625000	0.003441
POS	3927	229
