CASE	991000038	21	nn	-0.013737	0.000000	-32.437500	0.000780
CASE	991000318	45	nn	0.037730	0.037820	15.687500	0.007453
CASE	991000338	62	nn	-0.009626	-0.012299	-1.625000	0.018002
CASE	991000348	74	nn	-0.063788	-0.067905	-26.000000	0.018838
CASE	991000408	44	nn	-0.036637	-0.040171	-14.750000	0.005246
CASE	991000428	69	nn	-0.033210	-0.036445	-13.625000	0.016379
CASE	991000498	52	nn	0.051176	0.056601	18.750000	0.014630
CASE	991000678	58	bb	-0.036538	-0.043716	-9.687500	0.015990
CASE	991000818	24	nn	-0.007147	0.001065	-11.500000	0.039038
CASE	991000898	23	nn	-0.015990	-0.018958	-4.062500	0.006884
CASE	991000928	52	nn	-0.041945	-0.051964	-10.062500	0.023435
CASE	991001108	59	nn	-0.016153	-0.012442	-17.125000	0.000360
CASE	991001298	75	bb	0.028256	0.032660	8.250000	0.006872
CASE	991001418	22	nn	-0.003605	-0.007828	3.625000	0.003242
CASE	991001498	18	bb	0.000990	0.000000	2.687500	0.000058
CASE	991001728	74	bb	0.019732	0.025502	3.312500	0.008426
CASE	991002228	63	nn	0.083073	0.095467	23.937500	0.016528
CASE	991002248	82	nn	-0.004052	-0.002886	-1.125000	0.008097
CASE	991002508	81	bb	-0.007174	-0.005021	-4.562500	0.001376
CASE	991002638	38	nn	-0.001678	0.000526	-3.437500	0.000404
CASE	991002668	69	bb	0.010960	0.010897	6.250000	0.001811
CASE	991002678	80	bb	-0.018244	-0.016882	-9.187500	0.014202
CASE	991002978	37	bb	-0.055912	-0.074070	-7.812500	0.013315
CASE	991003208	9	bb	0.002251	0.000000	2.937500	0.071003
CASE	991003268	70	bb	-0.017033	-0.022038	-2.750000	0.003820
CASE	991003688	59	bb	0.000485	0.000838	-1.187500	0.000316
CASE	991003788	73	nn	-0.006727	-0.004663	-11.875000	0.021662
CASE	991003948	57	mixed	-0.040150	-0.047362	-11.375000	0.007498
CASE	991004218	74	nn	-0.000622	-0.001758	0.562500	0.013354
CASE	991004518	30	bb	-0.025685	-0.032422	-4.812500	0.017453
CASE	991004608	35	nn	-0.020218	-0.015145	-15.125000	0.011464
CASE	991004698	38	nn	-0.064110	-0.074506	-18.750000	0.024636
CASE	991004758	9	nn	-0.011755	0.000000	-20.375000	0.000586
CASE	991005238	58	nn	-0.001177	0.003629	-3.937500	0.007075
CASE	991005358	9	nn	0.101414	0.125000	23.500000	0.194299
CASE	991005428	79	nn	-0.042820	-0.051624	-11.812500	0.011946
CASE	991005598	79	nn	0.000274	0.003405	-2.812500	0.007592
CASE	991005938	75	bb	0.045578	0.059506	7.125000	0.004961
CASE	991005968	18	nn	-0.004368	0.000000	-7.437500	0.001345
CASE	991006018	67	bb	0.011195	0.010869	4.687500	0.007799
CASE	991006028	77	nn	0.004159	0.015570	-8.750000	0.004858
CASE	991006108	73	nn	-0.023746	-0.022147	-13.687500	0.009336
CASE	991006538	73	bb	-0.037487	-0.043986	-10.312500	0.009890
CASE	991007058	74	bb	-0.019166	-0.019550	-7.125000	0.003864
CASE	991007388	62	bb	-0.000812	0.000325	-1.250000	0.000113
CASE	991007438	27	bb	0.002248	-0.002185	6.250000	0.000820
CASE	991007578	79	nn	0.107703	0.127705	27.687500	0.013085
CASE	991007768	11	nn	-0.007823	0.000000	-10.625000	0.000665
CASE	991008048	33	nn	0.005091	0.005416	1.687500	0.010333
CASE	991008428	70	nn	-0.036244	-0.037713	-16.312500	0.004254
CASE	991008828	40	nn	-0.029219	-0.038118	-5.000000	0.013905
CASE	991008868	80	nn	0.035305	0.039737	12.437500	0.004949
CASE	991008928	49	bb	0.026605	0.029088	10.500000	0.008771
CASE	991009008	49	nn	-0.014094	-0.011289	-8.187500	0.031707
CASE	991009138	5	nn	0.007170	0.000000	9.375000	0.000159
CASE	991009458	64	nn	-0.024274	-0.029084	-4.625000	0.023482
CASE	991009528	50	nn	-0.028989	-0.036750	-5.750000	0.010603
CASE	991009728	80	nn	-0.065953	-0.075318	-19.625000	0.020809
CASE	991009958	52	nn	-0.019177	-0.018836	-8.125000	0.005403
CASE	991009998	7	nn	0.000000	0.000000	0.000000	0.000000
CASE	991010158	76	nn	-0.022835	-0.022251	-11.000000	0.007613
CASE	991010278	29	nn	-0.006718	-0.019822	7.687500	0.025271
CASE	991010488	64	nn	-0.010997	-0.013488	-3.625000	0.008390
CASE	991010638	44	nn	0.001290	0.002090	-0.125000	0.000259
CASE	991010738	57	nn	0.018350	0.020477	6.375000	0.006402
CASE	991010908	54	nn	-0.018416	-0.020753	-5.687500	0.005496
CASE	991010918	65	nn	-0.016513	-0.022666	-2.187500	0.015736
CASE	991010988	51	nn	0.027872	0.029024	10.375000	0.029632
CASE	991011008	67	nn	-0.039895	-0.048322	-9.812500	0.014208
CASE	991011018	81	nn	-0.016702	-0.019065	-5.375000	0.012527
CASE	991011268	72	bb	-0.029110	-0.032433	-10.000000	0.002594
CASE	991011378	7	nn	-0.003707	0.000000	-12.625000	0.000109
CASE	991012148	7	bb	0.000035	0.000000	0.125000	0.000002
CASE	991012368	54	nn	-0.005114	-0.010975	2.687500	0.005990
CASE	991013128	40	nn	0.000363	0.000400	0.125000	0.000002
CASE	991013148	59	nn	-0.003064	-0.001922	-1.500000	0.020186
CASE	991013218	45	bb	-0.020362	-0.028272	-2.000000	0.024328
CASE	991013418	72	nn	0.017026	0.019616	4.750000	0.013884
CASE	991013988	41	nn	-0.022539	-0.024119	-14.750000	0.057524
CASE	991014168	48	nn	0.001768	0.002533	0.000000	0.010463
CASE	991014188	68	nn	-0.030349	-0.036505	-8.750000	0.007281
CASE	991014438	59	nn	-0.017932	-0.020614	-5.062500	0.016739
CASE	991014458	79	nn	0.021249	0.023806	6.500000	0.008617
CASE	991014528	62	nn	-0.079892	-0.094837	-22.250000	0.008957
CASE	991015478	67	bb	0.009318	0.011864	1.750000	0.001147
CASE	991015998	70	nn	-0.015197	-0.017426	-4.187500	0.010052
CASE	991016078	67	nn	-0.021879	-0.028837	-3.312500	0.021274
CASE	991016168	68	nn	-0.018264	-0.018532	-9.062500	0.004296
CASE	991016228	44	nn	-0.024929	-0.023364	-11.375000	0.020950
CASE	991016428	69	bb	0.028140	0.031334	9.312500	0.003738
CASE	991016658	44	nn	0.048311	0.057204	12.312500	0.020401
CASE	991016758	57	nn	-0.029928	-0.032619	-9.875000	0.027437
CASE	991017028	69	nn	0.023702	0.018354	14.187500	0.017589
CASE	991017128	80	nn	0.025799	0.036115	3.187500	0.026232
CASE	991017138	6	nn	0.008899	0.000000	14.562500	0.000318
CASE	991017298	81	nn	0.046632	0.053134	13.750000	0.007996
CASE	991017378	76	nn	-0.007850	-0.005466	-5.562500	0.012112
CASE	991017498	20	nn	0.004547	0.000000	10.812500	0.000718
CASE	991017548	74	nn	-0.008909	-0.008668	-3.937500	0.007843
CASE	991017988	82	nn	-0.020104	-0.026707	-2.875000	0.014441
CASE	991018198	34	nn	0.003560	0.007707	-2.125000	0.018288
CASE	991018568	62	nn	-0.014538	-0.018996	-2.250000	0.009786
CASE	991018658	65	nn	-0.038670	-0.046849	-9.062500	0.026456
CASE	991018758	78	bb	-0.022308	-0.021091	-11.312500	0.012665
CASE	991018918	69	nn	-0.074101	-0.085609	-24.062500	0.014231
CASE	991018928	78	nn	-0.049620	-0.054948	-16.000000	0.018804
CASE	991018968	32	nn	-0.000932	-0.000090	-1.125000	0.008240
CASE	991019138	29	nn	0.001601	0.003167	-0.375000	0.019668
CASE	991019448	81	nn	0.020356	0.022409	5.625000	0.009774
CASE	991019818	22	nn	0.019736	0.020964	7.125000	0.005552
CASE	991019878	79	nn	-0.021962	-0.022361	-9.687500	0.009030
CASE	991020388	75	nn	-0.068796	-0.072831	-27.687500	0.018273
CASE	991020598	29	nn	0.088620	0.102452	25.062500	0.014977
CASE	991020688	31	bb	0.001829	0.002085	0.312500	0.000047
CASE	991020938	25	nn	-0.034415	-0.037257	-13.000000	0.037982
CASE	991021298	37	bb	-0.001573	0.000077	-2.312500	0.002185
CASE	991021658	55	nn	-0.005812	-0.006968	-1.312500	0.004723
CASE	991021928	64	nn	-0.004678	-0.005230	-1.562500	0.015010
CASE	991021988	42	nn	-0.006895	-0.006885	-3.250000	0.002135
CASE	991021998	52	nn	-0.075578	-0.087747	-22.437500	0.011963
CASE	991022048	11	nn	-0.073372	-0.125000	13.062500	0.127030
CASE	991022068	36	bb	0.023756	0.028540	5.875000	0.007896
CASE	991022148	29	nn	0.013975	0.007663	11.625000	0.007643
CASE	991022238	33	nn	0.031858	0.041781	5.000000	0.007376
CASE	991022458	80	nn	-0.067851	-0.077547	-20.687500	0.015436
CASE	991022538	72	nn	0.003988	0.009362	-3.000000	0.025496
CASE	991022588	39	nn	-0.046775	-0.052859	-14.250000	0.011561
CASE	991022678	43	nn	-0.015748	-0.016284	-6.187500	0.004260
CASE	991023308	71	nn	-0.032982	-0.039315	-8.312500	0.030228
CASE	991023728	61	nn	-0.041302	-0.051031	-8.625000	0.013810
CASE	991023888	47	nn	-0.014423	-0.021439	-0.312500	0.016392
CASE	991024088	74	nn	-0.012213	-0.014258	-3.000000	0.008809
CASE	991024308	41	nn	-0.018493	-0.015512	-10.812500	0.041405
CASE	991024358	4	bb	0.075423	0.093750	17.062500	0.094773
CASE	991024708	7	bb	0.002092	0.000000	3.187500	0.000137
CASE	991024778	76	nn	-0.000086	-0.001967	2.562500	0.006996
CASE	991025038	82	bb	0.040248	0.048638	9.437500	0.011351
CASE	991025098	53	mixed	-0.050599	-0.056197	-17.687500	0.017889
CASE	991025228	12	nn	0.026012	0.031250	6.937500	0.113687
CASE	991025428	38	nn	-0.006378	-0.006942	-1.625000	0.028667
CASE	991025528	54	bb	0.005487	0.008845	-0.500000	0.000929
CASE	991025578	21	nn	0.030542	0.062500	-17.625000	0.032932
CASE	991025628	68	nn	0.001475	0.000337	3.000000	0.001032
CASE	991025718	69	nn	-0.021626	-0.025818	-4.187500	0.012024
CASE	991026108	35	nn	0.003132	0.001513	2.312500	0.010083
CASE	991026378	47	nn	-0.002030	-0.000123	-7.250000	0.000032
CASE	991026748	73	nn	0.071084	0.078311	23.312500	0.026248
CASE	991027258	64	nn	0.022591	0.024889	7.125000	0.013956
CASE	991027518	67	nn	-0.054257	-0.063306	-16.687500	0.017828
CASE	991027578	40	bb	0.012294	0.013896	3.875000	0.006665
CASE	991027668	46	nn	0.022055	0.025449	7.812500	0.006087
CASE	991027728	20	nn	0.005151	0.000000	8.875000	0.087861
CASE	991027768	60	nn	-0.064081	-0.077672	-13.250000	0.006896
CASE	991027788	79	nn	-0.008552	-0.007929	-5.625000	0.006678
CASE	991027988	21	nn	0.096318	0.125000	16.875000	0.207965
CASE	991028098	43	nn	-0.003089	-0.011547	9.625000	0.001276
CASE	991028128	76	nn	0.056900	0.066028	15.812500	0.013324
CASE	991028358	49	nn	-0.017281	-0.013056	-11.000000	0.005445
CASE	991028418	18	nn	-0.062230	-0.062500	-26.375000	0.099259
CASE	991028458	63	nn	-0.012798	-0.013546	-4.562500	0.006568
CASE	991028478	79	bb	0.014541	0.018315	2.187500	0.006689
CASE	991028538	55	bb	-0.001036	0.000002	-1.812500	0.000368
CASE	991028588	20	nn	-0.000712	0.000000	6.062500	0.000261
CASE	991028608	38	nn	0.024869	0.034203	2.500000	0.005913
CASE	991028668	15	nn	-0.085064	-0.125000	-2.625000	0.190895
CASE	991028708	53	nn	-0.005676	-0.000339	-7.625000	0.017005
CASE	991028728	74	nn	0.001833	0.000054	1.000000	0.006317
CASE	991029048	48	nn	-0.014141	-0.016926	-4.125000	0.008999
CASE	991029488	61	bb	0.000000	0.000000	0.000000	0.000000
CASE	991029508	81	nn	0.003730	0.004188	1.375000	0.002673
CASE	991029548	32	nn	-0.006862	-0.008958	-1.062500	0.002809
CASE	991029638	37	nn	0.002875	0.000388	8.000000	0.000643
CASE	991029708	22	bb	0.000608	0.001563	-0.625000	0.003341
CASE	991029928	65	nn	0.009259	0.010573	3.312500	0.009447
CASE	991030028	82	nn	-0.010015	-0.009251	-4.312500	0.008414
CASE	991030038	7	bb	0.000520	0.000000	0.312500	0.000413
CASE	991030148	30	nn	0.052387	0.064553	11.687500	0.029493
CASE	991030608	62	nn	0.002187	-0.000323	5.562500	0.006484
CASE	991030698	66	nn	0.034767	0.039821	12.125000	0.024058
CASE	991030818	12	bb	-0.000731	0.000000	-1.437500	0.142161
CASE	991031008	32	nn	-0.055002	-0.070625	-9.750000	0.009069
CASE	991031048	72	bb	-0.008824	-0.012313	-0.500000	0.001344
CASE	991031488	81	nn	0.004915	0.006496	0.625000	0.007225
CASE	991031568	75	nn	-0.003233	-0.004252	-0.687500	0.003132
CASE	991031908	67	bb	-0.002481	-0.002821	-0.750000	0.000007
CASE	991031928	4	nn	-0.056917	-0.093750	6.187500	0.105332
CASE	991031968	44	nn	0.022638	0.026540	5.312500	0.034426
CASE	991032288	19	bb	0.094541	0.125000	15.000000	0.132875
CASE	991032458	19	nn	0.001398	0.000000	4.437500	0.001064
CASE	991032508	68	bb	-0.020074	-0.025301	-3.812500	0.005509
CASE	991032668	56	nn	-0.021390	-0.030565	-1.125000	0.019063
CASE	991032918	50	nn	-0.042097	-0.046059	-13.937500	0.006358
CASE	991032978	24	nn	0.001472	0.003862	-0.687500	0.003815
CASE	991032998	44	bb	-0.003940	-0.005022	-0.812500	0.002381
CASE	991033268	53	nn	-0.006619	-0.006487	-4.312500	0.001669
CASE	991033338	40	nn	0.004709	0.009019	-3.750000	0.002429
CASE	991033378	79	bb	-0.008771	-0.009418	-4.062500	0.010930
CASE	991033438	49	nn	-0.002025	-0.004715	2.812500	0.004028
CASE	991033518	44	nn	0.018460	0.022583	4.250000	0.008421
CASE	991033588	32	bb	-0.025069	-0.020188	-16.187500	0.053092
CASE	991033708	67	bb	-0.019635	-0.023042	-5.375000	0.009355
CASE	991034258	15	nn	0.196883	0.250000	40.250000	0.175510
CASE	991034298	53	nn	-0.024340	-0.026488	-11.250000	0.002023
CASE	991034608	18	bb	0.000081	0.000000	0.125000	0.000000
CASE	991035078	59	nn	0.006081	0.004667	4.312500	0.006665
CASE	991035098	81	bb	-0.016043	-0.016639	-6.062500	0.005475
CASE	991035528	81	nn	0.016429	0.012199	11.875000	0.001922
CASE	991036538	53	bb	0.003396	0.005544	-0.437500	0.008819
CASE	991036948	39	nn	0.014347	0.020684	0.687500	0.002685
CASE	991037388	48	nn	-0.009052	-0.010691	-2.187500	0.018953
CASE	991037478	52	nn	-0.029658	-0.033188	-10.937500	0.007384
CASE	991037848	79	nn	0.022947	0.031600	2.312500	0.011575
CASE	991037888	33	nn	0.046875	0.060822	8.125000	0.037946
CASE	991037958	14	nn	0.046205	0.062500	9.062500	0.032409
CASE	991038018	72	nn	-0.032806	-0.036619	-10.625000	0.009271
CASE	991038088	55	nn	-0.054725	-0.063800	-16.312500	0.027563
CASE	991038488	30	mixed	0.016460	0.036713	-9.687500	0.028689
CASE	991038628	83	nn	0.029897	0.036023	7.562500	0.008286
CASE	991039078	17	nn	-0.018089	0.000000	-28.937500	0.000996
CASE	991039098	37	nn	-0.063476	-0.077747	-15.437500	0.009941
CASE	991039308	73	nn	-0.017854	-0.024365	-1.437500	0.011043
CASE	991039468	65	bb	0.038170	0.044686	11.812500	0.026119
CASE	991039688	25	nn	-0.052255	-0.063911	-11.875000	0.039283
CASE	991039878	41	bb	-0.003564	-0.007640	1.937500	0.010312
POS	3895	224
