CASE	991002699	17	nn	-0.035697	-0.062500	10.250000	0.034164
CASE	991003399	24	nn	-0.005564	-0.000166	-11.375000	0.000405
CASE	991003949	62	bb	-0.001738	-0.002368	0.812500	0.018996
CASE	991004439	38	bb	-0.020868	-0.021126	-8.250000	0.013335
CASE	991007519	19	nn	-0.135578	-0.187500	-13.062500	0.230187
CASE	991009439	48	nn	0.001707	-0.001344	3.812500	0.005970
CASE	991012259	32	nn	0.013604	0.013952	5.937500	0.000945
CASE	991012269	39	nn	0.014970	0.019468	2.750000	0.015977
CASE	991013029	27	nn	-0.019003	-0.024882	-3.062500	0.017162
CASE	991018189	26	nn	-0.016050	-0.021814	-1.812500	0.007919
CASE	991018989	50	nn	-0.001580	-0.005099	0.937500	0.009363
CASE	991020059	5	nn	-0.000480	0.000000	-0.625000	0.000081
CASE	991022569	16	nn	-0.147766	-0.187500	-29.937500	0.087547
CASE	991024149	52	nn	-0.021583	-0.025491	-5.625000	0.011704
CASE	991024249	66	nn	0.018132	0.022207	3.187500	0.009020
CASE	991024509	70	nn	-0.068570	-0.083200	-17.437500	0.020268
CASE	991030569	22	nn	-0.081985	-0.100923	-18.000000	0.012150
CASE	991032139	41	nn	0.009799	0.012391	1.875000	0.005698
CASE	991033949	45	nn	0.071756	0.087118	16.937500	0.014803
CASE	991034539	35	nn	0.036447	0.039988	15.500000	0.007511
CASE	991034639	49	nn	0.039428	0.049825	7.000000	0.017400
CASE	991034739	66	nn	-0.075821	-0.086307	-23.562500	0.008427
CASE	991036349	37	nn	-0.023190	-0.030194	-4.750000	0.017841
POS	3919	23
