CASE	991001223	4	nn	-0.120413	-0.187500	5.625000	0.076658
CASE	991003323	40	nn	0.004176	0.002210	4.812500	0.000453
CASE	991003383	14	nn	-0.002854	0.000000	-5.437500	0.000935
CASE	991004353	36	nn	-0.053850	-0.060008	-17.312500	0.025159
CASE	991005183	5	nn	-0.049647	-0.062500	-11.062500	0.035764
CASE	991007453	40	nn	-0.020514	-0.020976	-8.125000	0.005385
CASE	991008033	19	nn	-0.002026	0.000000	-6.437500	0.000688
CASE	991009353	48	nn	0.033989	0.032935	15.437500	0.012404
CASE	991010063	70	nn	-0.021230	-0.020111	-10.437500	0.017770
CASE	991012963	46	nn	0.022601	0.029952	3.125000	0.011956
CASE	991015023	43	nn	-0.002610	-0.002732	-1.000000	0.008099
CASE	991018963	25	nn	-0.014824	-0.003242	-21.687500	0.001403
CASE	991019353	74	nn	-0.008299	-0.010419	-2.250000	0.042267
CASE	991019733	23	nn	0.002184	0.002287	0.875000	0.003184
CASE	991021413	69	nn	0.007600	0.010686	0.312500	0.012888
CASE	991022773	54	nn	0.001431	-0.003287	7.500000	0.005315
CASE	991023533	35	nn	-0.025133	-0.029138	-7.000000	0.018671
CASE	991029763	75	bb	-0.026142	-0.025989	-12.375000	0.006150
CASE	991030253	52	nn	-0.014905	-0.006529	-12.562500	0.021491
CASE	991031073	7	nn	-0.043803	-0.062500	-2.500000	0.176812
CASE	991032933	62	nn	-0.041404	-0.050220	-9.562500	0.011210
CASE	991033453	66	nn	0.008925	0.012356	0.625000	0.012692
CASE	991036633	62	bb	0.002970	0.001078	3.750000	0.002079
CASE	991038983	8	nn	-0.042115	-0.062500	-0.625000	0.027890
POS	3927	24
