CASE	991001402	8	nn	0.008683	0.000000	17.375000	0.000521
CASE	991001752	15	nn	-0.005806	0.000000	-10.125000	0.000178
CASE	991002802	32	bb	0.005466	0.006940	0.750000	0.007563
CASE	991003922	37	nn	-0.075782	-0.085712	-24.625000	0.020077
CASE	991004092	32	nn	-0.034167	-0.040699	-8.500000	0.019862
CASE	991006342	45	nn	-0.006136	-0.010209	0.562500	0.020035
CASE	991006512	42	nn	-0.006510	-0.004542	-5.000000	0.017008
CASE	991006772	49	nn	0.048884	0.053537	17.500000	0.020147
CASE	991009862	40	nn	-0.011583	-0.015054	-1.687500	0.008464
CASE	991010752	70	nn	0.033718	0.041345	8.625000	0.013221
CASE	991011332	50	nn	-0.000753	-0.000005	-1.500000	0.004677
CASE	991011922	36	nn	0.001015	0.000398	1.562500	0.001739
CASE	991012252	23	nn	0.018159	0.020598	5.562500	0.002043
CASE	991013472	41	nn	-0.015033	-0.017809	-3.937500	0.002363
CASE	991013762	67	nn	0.022038	0.028027	4.250000	0.010530
CASE	991014482	16	nn	-0.000450	0.000000	0.000000	0.000093
CASE	991015222	67	bb	-0.004528	-0.005395	-1.750000	0.015936
CASE	991016132	30	nn	-0.000097	0.000168	-0.312500	0.000002
CASE	991016222	35	nn	0.006528	0.010452	-1.250000	0.008582
CASE	991016962	4	nn	0.004425	0.000000	5.250000	0.000310
CASE	991018312	64	nn	-0.027105	-0.031060	-9.125000	0.008774
CASE	991021462	31	nn	-0.014857	-0.012311	-12.062500	0.002440
CASE	991021502	68	nn	0.011956	0.016314	1.687500	0.004642
CASE	991024592	66	nn	-0.057021	-0.069541	-13.875000	0.006994
CASE	991027422	58	nn	-0.006859	-0.009047	-1.062500	0.000292
CASE	991028542	60	nn	0.007358	0.007906	2.250000	0.007694
CASE	991029492	60	nn	-0.013053	-0.016315	-3.000000	0.040633
CASE	991031192	42	nn	-0.005455	-0.007861	-0.250000	0.019835
CASE	991031472	66	nn	-0.005356	-0.005958	0.187500	0.008897
CASE	991032502	65	nn	0.012993	0.017711	1.125000	0.024216
CASE	991038272	73	nn	0.030945	0.033569	11.000000	0.019900
CASE	991038602	57	nn	-0.052384	-0.063470	-12.187500	0.012546
CASE	991039152	3	nn	0.000846	0.000000	1.062500	0.000104
CASE	991039272	40	nn	0.077974	0.090704	21.437500	0.014429
CASE	991039422	19	nn	0.082804	0.125000	-1.250000	0.202974
POS	3899	35
