CASE	991000818	24	nn	-0.007147	0.001065	-11.500000	0.039038
CASE	991002638	38	nn	-0.001678	0.000526	-3.437500	0.000404
CASE	991004758	9	nn	-0.011755	0.000000	-20.375000	0.000586
CASE	991007768	11	nn	-0.007823	0.000000	-10.625000	0.000665
CASE	991010278	29	nn	-0.006718	-0.019822	7.687500	0.025271
CASE	991011378	7	nn	-0.003707	0.000000	-12.625000	0.000109
CASE	991011388	16	nn	-0.136049	-0.187500	-13.062500	0.084420
CASE	991014438	59	nn	-0.017932	-0.020614	-5.062500	0.016739
CASE	991016288	18	nn	-0.002854	0.000000	-9.000000	0.001494
CASE	991017138	6	nn	0.008899	0.000000	14.562500	0.000318
CASE	991022048	11	nn	-0.073372	-0.125000	13.062500	0.127030
CASE	991022588	39	nn	-0.046775	-0.052859	-14.250000	0.011561
CASE	991022818	12	nn	0.005095	0.000000	10.000000	0.001117
CASE	991023728	61	nn	-0.041302	-0.051031	-8.625000	0.013810
CASE	991024308	41	nn	-0.018493	-0.015512	-10.812500	0.041405
CASE	991024338	71	bb	0.023413	0.026696	7.000000	0.008401
CASE	991024778	76	nn	-0.008425	-0.009198	-4.062500	0.006491
CASE	991027258	64	nn	0.022591	0.024889	7.125000	0.013956
CASE	991027328	45	bb	-0.024864	-0.029352	-6.812500	0.004629
CASE	991029638	37	nn	0.002875	0.000388	8.000000	0.000643
CASE	991032458	19	nn	0.001398	0.000000	4.437500	0.001064
CASE	991034958	26	nn	0.027795	0.036607	5.250000	0.007291
CASE	991037298	42	nn	0.006688	0.007782	1.500000	0.011736
CASE	991037388	48	nn	-0.009052	-0.010691	-2.187500	0.018953
CASE	991038018	72	nn	-0.032806	-0.036619	-10.625000	0.009271
CASE	991038658	25	nn	0.027816	0.031737	9.437500	0.002420
POS	3895	26
