CASE	991003094	67	nn	-0.033995	-0.039690	-8.750000	0.017052
CASE	991009014	54	nn	-0.051133	-0.060704	-13.812500	0.020945
CASE	991012944	29	nn	0.026285	0.035000	3.062500	0.027775
CASE	991013044	41	nn	0.026158	0.031682	6.375000	0.009209
CASE	991013224	49	nn	-0.011398	-0.015435	-1.062500	0.006601
CASE	991013914	52	nn	-0.016300	-0.020155	-3.687500	0.011634
CASE	991015464	53	nn	0.003862	0.001131	7.500000	0.007551
CASE	991017134	2	nn	0.014592	0.000000	18.062500	0.000049
CASE	991018134	53	nn	-0.008057	-0.009212	-3.812500	0.004041
CASE	991020124	65	nn	-0.025058	-0.032438	-6.437500	0.014312
CASE	991027774	65	nn	0.011153	0.014548	1.500000	0.010512
CASE	991027864	67	nn	-0.020840	-0.023445	-5.625000	0.011827
CASE	991030814	11	nn	-0.091470	-0.125000	-9.625000	0.061419
CASE	991032294	23	nn	0.008971	0.011973	1.187500	0.001288
CASE	991032894	27	bb	0.023763	0.029915	4.812500	0.004512
CASE	991033664	21	nn	0.000000	0.000000	0.000000	0.000000
CASE	991034344	13	nn	-0.091294	-0.125000	-11.250000	0.124237
CASE	991035564	28	bb	0.015469	0.017799	4.687500	0.007792
CASE	991037924	67	nn	-0.019819	-0.021763	-6.937500	0.007823
CASE	991039384	66	nn	-0.032365	-0.031686	-15.000000	0.012915
CASE	991039784	34	bb	0.002900	0.000690	6.062500	0.001071
POS	3893	21
