CASE	991004977	60	nn	-0.000129	-0.001768	1.562500	0.000756
CASE	991009107	62	nn	0.002733	0.003461	2.437500	0.018657
CASE	991009347	39	nn	0.008692	0.009483	3.437500	0.011660
CASE	991010177	13	bb	0.152704	0.187500	40.375000	0.077724
CASE	991010237	74	nn	0.046071	0.056428	11.437500	0.024841
CASE	991010407	72	bb	-0.027843	-0.030318	-11.000000	0.007971
CASE	991011687	62	bb	0.015856	0.020046	2.937500	0.018231
CASE	991014177	57	nn	-0.003379	-0.004157	-1.375000	0.009848
CASE	991014427	50	nn	-0.021453	-0.023420	-6.562500	0.014344
CASE	991015087	21	nn	0.020648	0.031250	0.812500	0.011947
CASE	991020787	44	nn	-0.041910	-0.059109	-1.812500	0.022212
CASE	991022437	62	nn	0.009191	0.009540	4.562500	0.008199
CASE	991024637	25	nn	-0.060690	-0.069529	-18.687500	0.026732
CASE	991026407	70	nn	-0.014560	-0.016452	-4.250000	0.003288
CASE	991030577	28	nn	0.006217	0.004326	6.000000	0.001021
CASE	991031347	23	nn	0.082878	0.113253	8.812500	0.020880
CASE	991033397	14	nn	0.000474	0.000000	1.250000	0.068685
CASE	991034197	39	nn	0.022916	0.023170	10.312500	0.010766
CASE	991035067	49	bb	0.010411	0.013150	1.312500	0.006341
CASE	991035407	45	nn	0.001832	0.002452	-1.562500	0.004239
CASE	991039597	21	nn	-0.032441	-0.062500	17.625000	0.033354
POS	3923	21
