CASE	991001060	13	nn	0.086873	0.125000	4.437500	0.060294
CASE	991001970	61	nn	0.033570	0.034579	16.250000	0.003963
CASE	991004120	59	nn	0.028308	0.038080	4.062500	0.009724
CASE	991004500	9	nn	0.028999	0.031250	10.500000	0.044557
CASE	991005880	16	nn	0.056303	0.062500	19.500000	0.107782
CASE	991008290	19	nn	0.096303	0.125000	17.500000	0.061882
CASE	991011790	75	nn	0.013475	0.015110	3.062500	0.006438
CASE	991012870	38	nn	0.011089	0.010669	6.000000	0.003545
CASE	991019350	66	nn	0.056760	0.068599	13.500000	0.015881
CASE	991021190	17	nn	0.063675	0.062500	30.875000	0.249783
CASE	991021390	47	nn	-0.007041	-0.007540	-2.312500	0.005738
CASE	991027240	49	nn	0.000882	0.001790	0.312500	0.003258
CASE	991028030	62	nn	0.031582	0.043210	4.125000	0.012773
CASE	991029990	43	nn	0.003361	0.002006	2.437500	0.017290
CASE	991034290	45	nn	0.010542	0.016722	-0.875000	0.008830
CASE	991036350	41	nn	-0.016643	-0.016124	-10.500000	0.002516
CASE	991036530	50	nn	0.001025	-0.000785	7.937500	0.000256
CASE	991038420	45	nn	-0.020998	-0.023651	-7.312500	0.013269
POS	3905	18
