CASE	991000856	65	nn	-0.022474	-0.026630	-6.312500	0.009085
CASE	991004846	15	nn	0.038472	0.031250	22.375000	0.108976
CASE	991006366	73	nn	-0.031297	-0.036122	-8.562500	0.038890
CASE	991009146	14	nn	-0.044680	-0.062500	-3.687500	0.032578
CASE	991010576	69	nn	0.028685	0.033111	8.625000	0.007738
CASE	991011526	72	nn	0.012946	0.014681	4.375000	0.001032
CASE	991023736	70	nn	0.006873	0.009026	1.000000	0.003578
CASE	991024226	40	nn	0.007960	0.006272	4.687500	0.017132
CASE	991024736	39	nn	0.050156	0.062419	10.250000	0.030525
CASE	991025006	47	nn	-0.047729	-0.060484	-8.750000	0.008456
CASE	991026046	59	nn	0.021220	0.027887	3.187500	0.024149
CASE	991026566	62	nn	-0.027424	-0.028350	-10.437500	0.013268
CASE	991026596	5	nn	-0.000463	0.000000	-0.625000	0.000078
CASE	991028266	43	nn	0.000444	-0.000468	6.375000	0.000198
CASE	991028616	43	nn	-0.017195	-0.021622	-3.687500	0.012743
CASE	991031006	28	nn	0.005330	0.004065	5.000000	0.014425
CASE	991035936	59	nn	-0.002273	-0.003543	-1.000000	0.008467
CASE	991037826	55	bb	-0.007020	-0.009834	-0.875000	0.015946
CASE	991038176	63	nn	0.036718	0.042989	10.437500	0.019633
CASE	991038576	32	nn	0.085642	0.094813	27.812500	0.031463
POS	3897	20
