CASE	991006161	36	nn	0.016589	0.012073	10.875000	0.008653
CASE	991007241	2	nn	-0.000503	0.000000	-0.625000	0.000156
CASE	991013811	35	nn	0.026460	0.026929	11.437500	0.008635
CASE	991016131	31	nn	-0.027688	-0.035314	-4.937500	0.004166
CASE	991017801	66	nn	0.011916	0.014275	2.750000	0.008874
CASE	991019401	35	bb	-0.000450	0.000681	-0.937500	0.019222
CASE	991019501	49	nn	0.007147	0.004582	6.312500	0.000849
CASE	991020081	28	nn	-0.006729	-0.001682	-6.937500	0.011459
CASE	991020091	35	nn	-0.027613	-0.029968	-12.812500	0.007785
CASE	991020931	14	nn	0.143597	0.187500	24.062500	0.086085
CASE	991021241	65	nn	-0.019068	-0.023338	-5.625000	0.004473
CASE	991023461	52	nn	-0.019086	-0.025312	-2.187500	0.012036
CASE	991023511	14	nn	-0.001332	0.000000	-0.125000	0.001383
CASE	991027071	51	nn	-0.006516	-0.002206	-5.625000	0.011882
CASE	991029651	49	nn	-0.035634	-0.036291	-13.875000	0.006227
CASE	991031521	28	bb	-0.002219	-0.000683	-3.250000	0.000135
CASE	991034031	42	nn	-0.014683	-0.011972	-8.375000	0.004469
CASE	991035251	59	nn	0.016323	0.012370	17.937500	0.002287
CASE	991036361	54	nn	0.021464	0.024672	6.500000	0.006516
CASE	991038181	65	nn	-0.081283	-0.097836	-20.062500	0.028714
POS	3932	20
