CASE	991009015	52	nn	-0.013741	-0.015514	-5.312500	0.012857
CASE	991009405	16	nn	0.061699	0.062500	27.312500	0.033994
CASE	991011495	40	nn	-0.000212	-0.004283	2.687500	0.031431
CASE	991011565	25	nn	-0.002369	0.000666	-6.437500	0.000213
CASE	991016805	14	nn	0.008589	0.000000	12.562500	0.001131
CASE	991019895	11	nn	-0.118559	-0.156250	-18.687500	0.156886
CASE	991019995	26	nn	-0.013930	-0.015202	-4.875000	0.025497
CASE	991023875	36	nn	-0.006755	0.000608	-8.812500	0.017485
CASE	991024935	66	nn	-0.017773	-0.020351	-4.625000	0.004753
CASE	991027125	15	nn	0.016140	0.000000	29.312500	0.000725
CASE	991027145	37	nn	0.075076	0.097655	12.062500	0.012106
CASE	991027665	43	nn	-0.021133	-0.017166	-13.312500	0.008794
CASE	991028895	69	nn	-0.004589	-0.007253	0.500000	0.017797
CASE	991029535	19	nn	0.003638	0.000000	16.562500	0.000390
CASE	991031495	2	nn	0.001408	0.000000	1.750000	0.000010
CASE	991033405	21	bb	0.014788	0.000000	19.812500	0.279357
CASE	991033715	74	nn	0.004208	-0.003742	9.062500	0.002856
CASE	991034605	16	nn	0.013417	0.000000	18.250000	0.000697
CASE	991034725	52	nn	-0.054928	-0.061490	-17.687500	0.027282
CASE	991035075	54	nn	0.028985	0.033792	8.375000	0.006407
CASE	991035935	57	nn	0.003117	0.003952	0.562500	0.000425
POS	3929	21
