CASE	991000052	36	nn	0.029013	0.031310	14.625000	0.007412
CASE	991000082	67	nn	-0.031422	-0.032480	-12.687500	0.007147
CASE	991000272	79	bb	-0.046895	-0.055560	-13.062500	0.006860
CASE	991000502	52	nn	-0.020199	-0.019037	-11.687500	0.003009
CASE	991000582	49	nn	-0.025743	-0.022275	-18.500000	0.003798
CASE	991000682	65	nn	0.009193	0.013051	0.687500	0.000709
CASE	991000862	72	nn	-0.022292	-0.028859	-4.062500	0.020086
CASE	991000872	81	nn	0.014991	0.017145	4.062500	0.011610
CASE	991001052	2	nn	-0.011660	0.000000	-17.000000	0.000361
CASE	991001102	53	nn	-0.014586	-0.011660	-11.312500	0.005002
CASE	991001112	64	bb	-0.027299	-0.033492	-6.312500	0.005721
CASE	991001132	81	bb	0.028332	0.030904	9.875000	0.017053
CASE	991001252	33	nn	0.004507	0.008802	-2.000000	0.004424
CASE	991001382	75	nn	0.001286	-0.001465	2.937500	0.024735
CASE	991001562	82	nn	0.036404	0.046613	7.750000	0.018210
CASE	991001752	15	nn	-0.005806	0.000000	-10.125000	0.000178
CASE	991001962	53	bb	-0.004240	-0.001175	-8.750000	0.000142
CASE	991001972	65	nn	-0.018748	-0.020926	-6.750000	0.009106
CASE	991002012	19	bb	0.048053	0.062500	8.187500	0.167081
CASE	991002052	59	nn	-0.025447	-0.038585	-0.187500	0.016005
CASE	991002062	68	nn	-0.006501	-0.010476	0.875000	0.021857
CASE	991002142	60	nn	0.021026	0.020757	9.375000	0.012329
CASE	991002232	67	nn	-0.032722	-0.040657	-7.437500	0.031465
CASE	991002262	10	bb	0.000186	0.000000	-1.500000	0.000039
CASE	991002282	28	nn	-0.054953	-0.064186	-15.375000	0.012189
CASE	991002632	37	nn	0.044947	0.056218	9.250000	0.017101
CASE	991002672	74	bb	0.022979	0.029061	4.312500	0.003129
CASE	991002902	45	nn	0.003773	0.004630	0.312500	0.007300
CASE	991002922	69	nn	0.022736	0.022998	9.062500	0.023028
CASE	991002932	79	nn	-0.021530	-0.024155	-9.187500	0.014868
CASE	991003082	54	bb	-0.067962	-0.081915	-16.375000	0.014307
CASE	991003182	69	nn	-0.035454	-0.039076	-14.500000	0.004137
CASE	991003232	33	nn	-0.018357	-0.021652	-5.812500	0.005614
CASE	991003282	81	nn	-0.004288	-0.002628	-1.687500	0.010554
CASE	991003362	77	nn	-0.005094	-0.009086	0.500000	0.009191
CASE	991003422	47	bb	-0.024483	-0.021279	-14.250000	0.006214
CASE	991003452	81	nn	0.035258	0.040230	10.500000	0.011293
CASE	991003612	66	nn	-0.004131	-0.006826	0.312500	0.008843
CASE	991003742	26	bb	-0.032776	-0.041451	-6.812500	0.005350
CASE	991003962	76	bb	-0.016160	-0.017648	-5.375000	0.004232
CASE	991004092	32	nn	-0.034167	-0.040699	-8.500000	0.019862
CASE	991004122	63	nn	0.030279	0.035292	10.812500	0.009607
CASE	991004132	70	nn	0.001087	0.002210	-1.750000	0.005705
CASE	991004142	80	bb	-0.032473	-0.040511	-7.250000	0.014441
CASE	991004212	69	mixed	-0.016801	-0.013328	-9.812500	0.007409
CASE	991004222	77	nn	0.030948	0.033575	11.937500	0.008025
CASE	991004252	20	nn	0.003560	0.000000	6.000000	0.066245
CASE	991004282	53	nn	0.011376	0.010550	6.500000	0.008182
CASE	991004302	73	nn	-0.064911	-0.074311	-19.000000	0.016913
CASE	991004352	37	nn	-0.009822	-0.011786	-2.562500	0.014587
CASE	991004472	67	nn	-0.018046	-0.021509	-5.375000	0.001603
CASE	991004542	53	nn	-0.009604	-0.011531	-2.000000	0.015671
CASE	991004552	64	nn	0.008315	0.006764	4.125000	0.010711
CASE	991004782	34	bb	0.006318	0.002195	8.937500	0.001151
CASE	991004862	27	nn	-0.034492	-0.038907	-13.937500	0.003757
CASE	991004902	71	nn	0.028347	0.030544	10.562500	0.014900
CASE	991004962	43	nn	-0.004370	-0.002340	-11.937500	0.002124
CASE	991004972	51	nn	0.004854	0.005188	2.000000	0.001685
CASE	991004992	73	nn	0.054506	0.059182	18.625000	0.011413
CASE	991005052	47	nn	0.003058	0.002739	2.125000	0.000164
CASE	991005162	69	nn	-0.012844	-0.011898	-6.187500	0.004213
CASE	991005272	11	nn	0.000147	0.000000	0.187500	0.000000
CASE	991005392	42	nn	0.013014	0.011347	8.250000	0.002436
CASE	991005482	46	bb	-0.001927	-0.005522	2.812500	0.009022
CASE	991005502	64	nn	-0.019986	-0.020953	-10.312500	0.011321
CASE	991005592	73	nn	-0.032530	-0.039471	-9.062500	0.003983
CASE	991005612	5	nn	0.044526	0.062500	2.500000	0.035046
CASE	991005682	75	nn	-0.035756	-0.042662	-9.500000	0.009920
CASE	991005772	80	bb	-0.018783	-0.020891	-6.125000	0.006436
CASE	991005832	54	nn	-0.002541	-0.000020	-5.500000	0.015716
CASE	991005882	14	bb	0.000553	0.000000	0.687500	0.066076
CASE	991005972	22	bb	0.013151	0.013718	4.812500	0.004364
CASE	991005992	41	nn	0.002277	0.000604	5.562500	0.000060
CASE	991006002	47	nn	0.029618	0.034536	10.937500	0.004207
CASE	991006112	74	nn	-0.048758	-0.059594	-12.000000	0.010386
CASE	991006192	68	nn	-0.036082	-0.040261	-11.937500	0.002259
CASE	991006202	81	bb	-0.053352	-0.062250	-14.812500	0.008939
CASE	991006342	45	nn	-0.006136	-0.010209	0.562500	0.020035
CASE	991006362	68	nn	0.036614	0.042047	11.312500	0.008698
CASE	991006572	20	nn	0.066361	0.093750	4.812500	0.180067
CASE	991006722	79	nn	0.046825	0.052421	16.312500	0.016167
CASE	991006772	49	nn	0.048884	0.053537	17.500000	0.020147
CASE	991006892	81	nn	0.043234	0.049957	12.750000	0.029618
CASE	991006952	53	nn	-0.026921	-0.024486	-13.375000	0.008562
CASE	991006962	65	nn	-0.012469	-0.016720	0.000000	0.014812
CASE	991007052	68	nn	0.020475	0.018721	10.437500	0.011138
CASE	991007212	57	bb	-0.029666	-0.033312	-10.000000	0.009609
CASE	991007462	47	bb	-0.011273	-0.014954	-1.687500	0.002375
CASE	991007482	71	nn	0.000579	-0.002886	4.125000	0.010896
CASE	991007492	79	nn	0.013544	0.018540	0.500000	0.004262
CASE	991007832	76	bb	0.023341	0.023147	10.000000	0.022058
CASE	991007862	21	nn	0.051150	0.062500	14.250000	0.166068
CASE	991007902	60	nn	0.026921	0.037558	2.437500	0.007481
CASE	991008002	71	nn	0.012931	0.010992	5.375000	0.021228
CASE	991008052	38	nn	-0.023626	-0.023948	-11.750000	0.002701
CASE	991008352	79	nn	0.010168	0.010654	4.187500	0.005227
CASE	991008372	11	nn	0.007441	0.000000	8.625000	0.145238
CASE	991008512	69	nn	-0.009816	-0.010324	-3.625000	0.013344
CASE	991008562	30	nn	-0.013145	-0.020393	0.125000	0.007731
CASE	991008612	79	bb	-0.003911	-0.003888	-1.125000	0.002029
CASE	991008742	41	nn	-0.012578	-0.017633	-1.000000	0.010330
CASE	991008922	44	nn	-0.018272	-0.021191	-4.812500	0.019387
CASE	991008942	66	nn	0.041826	0.050769	12.187500	0.011999
CASE	991009002	43	nn	0.003676	0.005371	0.062500	0.002437
CASE	991009022	61	nn	-0.051452	-0.057674	-17.437500	0.024973
CASE	991009032	73	nn	0.001663	0.002777	0.437500	0.018165
CASE	991009062	12	nn	0.002791	0.000000	5.250000	0.000205
CASE	991009092	46	nn	0.005480	0.006235	-0.125000	0.011231
CASE	991009272	53	nn	-0.006493	-0.005029	-6.937500	0.001999
CASE	991009292	75	bb	-0.010095	-0.010916	-3.812500	0.005032
CASE	991009382	78	nn	0.025033	0.034890	1.937500	0.014628
CASE	991009532	57	nn	0.017583	0.010229	14.312500	0.009073
CASE	991009542	67	nn	-0.010202	-0.011403	-4.125000	0.007895
CASE	991009622	59	nn	0.025364	0.035930	2.750000	0.013531
CASE	991009632	71	nn	-0.025126	-0.032994	-3.750000	0.013549
CASE	991009712	60	nn	-0.051258	-0.056777	-18.750000	0.013960
CASE	991009732	79	nn	-0.007562	-0.006864	-3.250000	0.010095
CASE	991009812	77	nn	-0.025781	-0.029104	-7.875000	0.023407
CASE	991009862	40	nn	-0.011583	-0.015054	-1.687500	0.008464
CASE	991010202	36	nn	0.005967	0.008084	1.375000	0.007749
CASE	991010232	69	nn	-0.006313	-0.007242	-2.187500	0.008916
CASE	991010312	63	bb	-0.060956	-0.083641	-6.000000	0.016246
CASE	991010322	73	nn	-0.022113	-0.025200	-6.687500	0.012078
CASE	991010352	17	nn	0.000289	0.000000	1.562500	0.000211
CASE	991010472	51	nn	-0.012507	-0.011946	-5.937500	0.018152
CASE	991010552	43	nn	-0.065312	-0.079186	-15.937500	0.020456
CASE	991010592	83	nn	-0.004532	-0.003491	-3.937500	0.018301
CASE	991010632	39	bb	-0.048228	-0.052513	-18.750000	0.006195
CASE	991010662	66	bb	-0.028994	-0.035495	-6.687500	0.006375
CASE	991010702	20	nn	-0.002395	0.000000	-10.312500	0.000491
CASE	991010762	83	nn	0.005529	0.007505	1.062500	0.021145
CASE	991010842	76	nn	-0.014716	-0.019988	-1.687500	0.010051
CASE	991010892	37	nn	0.073208	0.087276	18.125000	0.027557
CASE	991010962	21	nn	-0.036642	-0.062500	7.187500	0.175818
CASE	991011052	23	nn	-0.086436	-0.110797	-15.812500	0.033254
CASE	991011222	27	nn	-0.013965	-0.018663	-1.812500	0.003181
CASE	991011332	50	nn	-0.000753	-0.000005	-1.500000	0.004677
CASE	991011412	43	nn	0.045447	0.052698	15.125000	0.013948
CASE	991011432	60	nn	0.005351	0.006738	1.250000	0.014006
CASE	991011442	74	nn	-0.063759	-0.073132	-20.062500	0.014413
CASE	991011482	26	nn	0.014047	0.015780	4.000000	0.021530
CASE	991011492	38	bb	0.006412	0.002684	7.000000	0.000855
CASE	991011582	38	nn	-0.034983	-0.048938	-3.125000	0.013869
CASE	991011632	7	nn	-0.000265	0.000000	0.062500	0.000270
CASE	991011732	21	nn	-0.034630	-0.062500	11.750000	0.163106
CASE	991011782	69	nn	-0.052612	-0.053573	-21.500000	0.012284
CASE	991011852	55	nn	-0.005761	-0.000679	-7.000000	0.005531
CASE	991011872	74	nn	0.000302	0.000251	-0.187500	0.008944
CASE	991011922	36	nn	0.001015	0.000398	1.562500	0.001739
CASE	991011992	22	bb	-0.006373	-0.001539	-8.187500	0.000778
CASE	991012042	72	nn	-0.019039	-0.030001	1.375000	0.007984
CASE	991012052	81	nn	0.060289	0.065689	21.312500	0.023257
CASE	991012092	33	nn	-0.005929	-0.013016	3.562500	0.002548
CASE	991012252	23	nn	0.018159	0.020598	5.562500	0.002043
CASE	991012312	81	nn	0.007809	0.010666	2.187500	0.010845
CASE	991012462	62	nn	0.017469	0.020477	4.625000	0.006557
CASE	991012472	72	nn	-0.031019	-0.034149	-10.000000	0.017720
CASE	991012592	20	nn	0.005675	0.000000	6.750000	0.226415
CASE	991012712	54	nn	0.019404	0.023272	6.750000	0.001670
CASE	991012882	53	nn	0.004943	0.001363	5.562500	0.020864
CASE	991012962	46	nn	-0.016643	-0.024573	-1.000000	0.002643
CASE	991013172	79	nn	-0.049472	-0.054336	-18.937500	0.005436
CASE	991013222	47	nn	0.041514	0.042606	18.125000	0.006960
CASE	991013242	66	bb	-0.000400	-0.000503	-0.062500	0.000002
CASE	991013282	17	nn	-0.035200	-0.062500	8.000000	0.029522
CASE	991013302	43	bb	-0.018026	-0.019708	-6.375000	0.008367
CASE	991013322	57	nn	0.002546	0.003841	0.125000	0.008790
CASE	991013332	72	nn	0.006941	0.003969	5.250000	0.018973
CASE	991013422	71	nn	0.009329	0.008144	6.187500	0.006107
CASE	991013472	41	nn	-0.015033	-0.017809	-3.937500	0.002363
CASE	991013602	81	nn	0.003992	0.003585	2.000000	0.013830
CASE	991013632	29	nn	0.009757	0.008507	7.562500	0.000499
CASE	991013682	77	nn	-0.004437	-0.003821	-2.312500	0.015736
CASE	991013742	50	nn	0.020206	0.020668	11.062500	0.004906
CASE	991013762	67	nn	0.022038	0.028027	4.250000	0.010530
CASE	991013802	24	nn	-0.004968	-0.003790	-3.250000	0.000220
CASE	991013932	71	bb	-0.000840	-0.000974	0.625000	0.007021
CASE	991014012	64	nn	0.040351	0.042239	15.250000	0.022708
CASE	991014022	73	bb	0.000224	0.001670	-1.375000	0.010533
CASE	991014032	81	nn	-0.011335	-0.018576	1.562500	0.030602
CASE	991014112	74	nn	0.017065	0.021418	3.812500	0.003216
CASE	991014252	47	nn	-0.001224	-0.008899	7.250000	0.032606
CASE	991014312	18	nn	-0.043260	-0.062500	-1.875000	0.232224
CASE	991014402	24	nn	0.011348	0.022336	-5.187500	0.015965
CASE	991014422	45	nn	0.035557	0.044583	8.437500	0.016881
CASE	991014552	2	bb	-0.000337	0.000000	-0.812500	0.000001
CASE	991014592	43	bb	-0.044822	-0.054738	-10.937500	0.009058
CASE	991014702	66	nn	0.019542	0.025733	2.500000	0.024147
CASE	991014882	75	nn	0.059343	0.064722	23.000000	0.007112
CASE	991015002	19	nn	-0.089471	-0.125000	-7.062500	0.124973
CASE	991015062	77	nn	0.014273	0.016223	5.750000	0.012767
CASE	991015082	17	nn	0.019790	0.031250	-1.625000	0.173869
CASE	991015112	41	nn	0.025468	0.027235	11.812500	0.008287
CASE	991015132	62	nn	0.029696	0.033602	8.937500	0.023104
CASE	991015232	79	nn	0.041765	0.047015	17.375000	0.008480
CASE	991015242	4	nn	-0.038205	-0.062500	5.187500	0.030655
CASE	991015342	16	nn	0.052367	0.062500	15.500000	0.028881
CASE	991015382	58	nn	0.036815	0.043665	9.687500	0.032915
CASE	991015452	41	nn	0.059512	0.073167	14.687500	0.037168
CASE	991015472	63	nn	-0.022665	-0.027542	-5.062500	0.024828
CASE	991015482	71	nn	-0.005384	-0.004395	-1.312500	0.017277
CASE	991015562	62	nn	0.007443	0.009504	1.625000	0.011256
CASE	991015652	65	nn	-0.029542	-0.029828	-14.812500	0.001321
CASE	991015742	74	bb	-0.008428	-0.009146	-2.687500	0.003152
CASE	991015752	79	bb	0.017268	0.019862	6.000000	0.009830
CASE	991015792	38	bb	0.069321	0.090176	10.375000	0.030020
CASE	991015802	45	nn	0.028710	0.030881	13.875000	0.003353
CASE	991015832	79	nn	0.073154	0.079629	25.125000	0.017663
CASE	991015992	63	bb	-0.014103	-0.016791	-4.500000	0.005980
CASE	991016072	56	bb	0.007097	0.004245	6.750000	0.004645
CASE	991016132	30	nn	-0.000097	0.000168	-0.312500	0.000002
CASE	991016152	52	nn	0.001585	0.000956	1.062500	0.010498
CASE	991016222	35	nn	0.006528	0.010452	-1.250000	0.008582
CASE	991016392	37	nn	0.000752	0.009380	-6.812500	0.032445
CASE	991016592	64	nn	-0.052938	-0.064371	-13.375000	0.025555
CASE	991016762	63	nn	0.000666	0.000495	0.562500	0.014604
CASE	991016772	73	nn	-0.011218	-0.010061	-6.875000	0.008740
CASE	991016952	78	bb	-0.020133	-0.022303	-6.812500	0.019997
CASE	991016962	4	nn	0.004425	0.000000	5.250000	0.000310
CASE	991017082	36	nn	0.013080	0.020405	-0.875000	0.003425
CASE	991017202	73	bb	0.008109	0.012264	0.500000	0.008361
CASE	991017252	36	nn	0.002477	0.003368	-1.062500	0.003839
CASE	991017432	44	nn	-0.014017	-0.011478	-9.562500	0.036226
CASE	991017442	52	nn	0.010857	0.015123	0.687500	0.012837
CASE	991017472	81	nn	-0.028279	-0.030711	-10.187500	0.005649
CASE	991017502	28	nn	0.001696	0.002908	0.125000	0.000837
CASE	991017522	45	nn	-0.003632	-0.002823	-6.562500	0.000776
CASE	991017542	66	bb	0.023739	0.024912	10.750000	0.001422
CASE	991017692	46	nn	0.021929	0.014608	14.875000	0.009879
CASE	991017702	57	nn	0.028509	0.038023	3.687500	0.009405
CASE	991017762	28	nn	0.021895	0.026897	5.312500	0.024246
CASE	991017882	65	nn	-0.038249	-0.046862	-6.625000	0.015063
CASE	991017902	80	bb	-0.003314	-0.002763	-2.312500	0.025712
CASE	991017972	63	nn	-0.015578	-0.016888	-6.687500	0.011467
CASE	991017982	78	nn	-0.014997	-0.020612	-4.437500	0.015736
CASE	991018152	76	nn	0.010566	0.006122	8.000000	0.026584
CASE	991018222	59	nn	0.079157	0.093628	20.687500	0.020269
CASE	991018242	81	nn	-0.042600	-0.044552	-17.250000	0.004356
CASE	991018322	75	nn	0.037396	0.042131	12.625000	0.005458
CASE	991018562	57	nn	0.005017	0.003808	5.187500	0.004731
CASE	991018662	69	nn	0.032869	0.037672	12.500000	0.020916
CASE	991018672	75	nn	0.061591	0.069413	20.062500	0.014998
CASE	991018732	54	nn	-0.000647	0.000103	-1.125000	0.007908
CASE	991018752	71	nn	-0.004478	0.000132	-7.625000	0.005733
CASE	991018922	67	nn	-0.023310	-0.030234	-2.937500	0.017262
CASE	991018932	81	nn	-0.033212	-0.039163	-9.250000	0.025437
CASE	991019162	54	nn	-0.050140	-0.055982	-16.312500	0.011306
CASE	991019232	38	nn	0.065278	0.080653	14.187500	0.022692
CASE	991019312	32	nn	0.064171	0.069398	25.562500	0.006331
CASE	991019342	62	nn	0.040874	0.046976	11.500000	0.019838
CASE	991019522	68	bb	0.001036	0.003258	-1.375000	0.000035
CASE	991019532	79	nn	-0.033672	-0.038867	-12.875000	0.013494
CASE	991019572	34	nn	-0.035847	-0.044416	-7.812500	0.005908
CASE	991019592	51	nn	-0.013220	-0.014942	-5.375000	0.003221
CASE	991019622	83	nn	0.007275	0.007255	3.812500	0.025815
CASE	991019862	65	bb	-0.027052	-0.032579	-7.312500	0.003985
CASE	991019872	77	bb	0.028245	0.032996	7.687500	0.011241
CASE	991020002	32	nn	-0.031271	-0.031636	-12.437500	0.021795
CASE	991020042	72	nn	0.003753	-0.003078	7.750000	0.010235
CASE	991020102	47	nn	-0.035535	-0.044483	-7.187500	0.025836
CASE	991020342	25	nn	0.024072	0.023118	11.000000	0.013155
CASE	991020362	49	nn	-0.039761	-0.049212	-8.125000	0.016188
CASE	991020372	55	nn	-0.022403	-0.020934	-14.062500	0.005980
CASE	991020392	81	nn	0.005690	0.003272	4.875000	0.013124
CASE	991020572	2	bb	0.001197	0.000000	1.625000	0.000011
CASE	991020622	51	nn	-0.054455	-0.065980	-12.875000	0.014652
CASE	991020862	32	bb	0.018255	0.025035	0.187500	0.014524
CASE	991020912	81	nn	-0.022301	-0.026528	-6.437500	0.007053
CASE	991020982	69	nn	-0.017069	-0.016312	-8.625000	0.003586
CASE	991021072	73	nn	0.018454	0.020625	5.562500	0.024357
CASE	991021142	54	nn	0.021854	0.027069	4.937500	0.027232
CASE	991021162	75	nn	-0.023880	-0.029592	-5.312500	0.015119
CASE	991021212	36	nn	0.027594	0.032325	8.125000	0.012319
CASE	991021332	74	nn	-0.011608	-0.013295	-3.187500	0.018010
CASE	991021342	82	bb	-0.021647	-0.023407	-7.250000	0.006047
CASE	991021362	17	nn	-0.089484	-0.125000	-14.187500	0.061478
CASE	991021372	29	nn	-0.036754	-0.046835	-6.812500	0.003401
CASE	991021382	35	bb	-0.001945	-0.001782	-0.937500	0.011923
CASE	991021502	68	nn	0.011956	0.016314	1.687500	0.004642
CASE	991021512	81	nn	0.006635	0.012270	-1.437500	0.012486
CASE	991021582	67	bb	0.004158	0.005902	0.687500	0.002347
CASE	991021752	65	nn	-0.000568	0.002624	-3.312500	0.018761
CASE	991021762	75	nn	-0.040616	-0.042145	-18.312500	0.001828
CASE	991021772	83	nn	0.045168	0.051137	13.875000	0.021543
CASE	991021852	77	nn	-0.041001	-0.043395	-15.312500	0.029515
CASE	991021882	23	nn	-0.008341	-0.016509	4.187500	0.002246
CASE	991021902	41	nn	0.010407	0.016136	-0.500000	0.008803
CASE	991022072	38	nn	-0.032872	-0.035810	-11.125000	0.011880
CASE	991022082	48	nn	-0.001974	-0.000119	-2.750000	0.012557
CASE	991022162	41	nn	-0.007220	-0.004873	-5.187500	0.000828
CASE	991022172	52	nn	-0.009391	-0.012560	-0.437500	0.004507
CASE	991022202	81	nn	-0.016575	-0.014901	-8.000000	0.029968
CASE	991022212	9	nn	-0.022238	0.000000	-30.500000	0.000504
CASE	991022262	53	nn	-0.035181	-0.037347	-12.562500	0.011444
CASE	991022412	35	mixed	-0.051010	-0.054078	-21.812500	0.008730
CASE	991022442	66	nn	0.006400	0.007830	1.437500	0.001068
CASE	991022492	25	nn	0.035818	0.044603	6.500000	0.015931
CASE	991022612	61	nn	-0.072726	-0.080824	-23.250000	0.014979
CASE	991022692	57	nn	-0.032875	-0.035193	-12.500000	0.009177
CASE	991022852	43	nn	0.001763	-0.000624	4.750000	0.000938
CASE	991022862	54	bb	0.005343	0.006210	1.625000	0.003993
CASE	991022882	72	bb	-0.018300	-0.019001	-11.437500	0.004369
CASE	991022952	60	nn	-0.028447	-0.030997	-10.500000	0.011641
CASE	991023042	60	nn	-0.001062	0.002808	-4.187500	0.017047
CASE	991023122	58	bb	0.001509	0.004716	-1.750000	0.011044
CASE	991023142	79	nn	-0.006311	-0.007922	-1.062500	0.014062
CASE	991023242	6	bb	-0.000807	0.000000	-1.125000	0.000008
CASE	991023272	37	nn	0.046497	0.053821	13.000000	0.011141
CASE	991023292	55	bb	-0.015256	-0.016475	-5.187500	0.005971
CASE	991023302	67	bb	0.000753	-0.003983	4.312500	0.010515
CASE	991023342	18	nn	-0.035116	-0.031250	-19.000000	0.224047
CASE	991023402	79	nn	0.001802	-0.000026	6.812500	0.004618
CASE	991023442	34	nn	-0.030722	-0.024138	-17.875000	0.031084
CASE	991023462	50	bb	-0.011047	-0.014224	-2.000000	0.007307
CASE	991023482	69	nn	-0.012943	-0.013548	-4.625000	0.004154
CASE	991023492	83	nn	0.000379	0.002708	-1.875000	0.007378
CASE	991023502	9	nn	0.006823	0.000000	18.312500	0.000681
CASE	991023522	28	nn	0.019704	0.020568	7.375000	0.037678
CASE	991023552	54	nn	-0.033761	-0.041287	-8.125000	0.013121
CASE	991023742	74	nn	0.021904	0.028055	4.187500	0.006033
CASE	991023752	1	nn	-0.000620	0.000000	-0.812500	0.000020
CASE	991023792	39	nn	-0.024060	-0.032933	0.187500	0.028233
CASE	991023802	51	nn	-0.009055	-0.013153	-0.312500	0.011733
CASE	991023892	49	nn	-0.015903	-0.019839	-3.312500	0.012085
CASE	991024002	77	nn	-0.063472	-0.070898	-21.187500	0.011565
CASE	991024052	43	nn	0.013129	0.018896	1.812500	0.013281
CASE	991024082	71	nn	-0.043262	-0.047027	-16.062500	0.009224
CASE	991024172	71	nn	0.007972	0.010820	0.750000	0.008181
CASE	991024342	72	nn	0.003679	0.004456	-0.750000	0.010905
CASE	991024382	29	nn	0.025394	0.033688	3.562500	0.006403
CASE	991024502	60	nn	-0.025089	-0.026762	-9.812500	0.007127
CASE	991024592	66	nn	-0.030216	-0.034978	-9.125000	0.012496
CASE	991024652	41	nn	0.077109	0.094003	18.062500	0.025790
CASE	991024942	70	nn	-0.010272	-0.008998	-5.937500	0.017465
CASE	991025032	74	bb	-0.008001	-0.007581	-4.125000	0.013872
CASE	991025162	31	nn	0.018831	0.020037	7.187500	0.003717
CASE	991025212	81	nn	-0.032528	-0.033983	-12.312500	0.008889
CASE	991025372	67	nn	-0.012666	-0.016141	-2.500000	0.019862
CASE	991025462	76	nn	0.012479	0.013641	9.062500	0.018455
CASE	991025512	40	bb	0.014378	0.010201	15.750000	0.002925
CASE	991025622	63	nn	-0.056140	-0.060961	-22.000000	0.017243
CASE	991025862	47	nn	-0.020127	-0.025499	-4.125000	0.010706
CASE	991025922	20	nn	-0.140303	-0.187500	-20.750000	0.158983
CASE	991026082	6	nn	0.083751	0.125000	1.125000	0.205316
CASE	991026102	26	nn	0.059767	0.071276	17.750000	0.008453
CASE	991026152	79	nn	0.042472	0.045753	17.125000	0.006869
CASE	991026242	83	nn	-0.038907	-0.046045	-10.875000	0.015179
CASE	991026292	47	nn	-0.021544	-0.023683	-8.062500	0.005515
CASE	991026442	23	nn	0.001936	-0.004199	6.312500	0.003221
CASE	991026492	74	nn	0.004078	0.007636	-1.750000	0.004184
CASE	991026552	47	nn	-0.106832	-0.128427	-26.812500	0.032589
CASE	991026572	63	bb	-0.007407	-0.006924	-3.500000	0.005684
CASE	991026602	10	nn	-0.029672	-0.062500	16.750000	0.039150
CASE	991026882	35	nn	-0.017605	-0.018039	-6.875000	0.003025
CASE	991026892	43	nn	-0.014645	-0.013229	-6.937500	0.008626
CASE	991026932	83	bb	-0.005656	-0.007904	-0.625000	0.011624
CASE	991026952	16	nn	0.047160	0.062500	6.375000	0.097126
CASE	991027072	51	nn	0.018633	0.015938	10.437500	0.002692
CASE	991027082	60	nn	0.046697	0.045884	20.687500	0.011710
CASE	991027182	77	mixed	-0.003157	-0.000925	-2.625000	0.017393
CASE	991027262	71	nn	-0.009222	-0.006763	-6.187500	0.030795
CASE	991027312	32	nn	-0.024391	-0.019824	-21.437500	0.000558
CASE	991027322	44	nn	-0.107721	-0.128086	-27.812500	0.022740
CASE	991027422	58	nn	-0.006859	-0.009047	-1.062500	0.000292
CASE	991027662	39	nn	0.008760	0.004839	8.875000	0.001726
CASE	991027732	24	bb	-0.019764	-0.024164	-5.187500	0.012303
CASE	991027752	44	bb	0.021426	0.025865	5.187500	0.006317
CASE	991027852	57	nn	0.015504	0.021548	1.187500	0.004522
CASE	991028012	46	nn	-0.005706	-0.008345	0.500000	0.004941
CASE	991028082	31	nn	-0.033922	-0.027806	-22.375000	0.003751
CASE	991028222	83	bb	-0.002883	-0.003407	-0.812500	0.000038
CASE	991028272	46	nn	0.005540	0.003879	3.875000	0.011152
CASE	991028282	59	nn	-0.039527	-0.043093	-14.312500	0.015687
CASE	991028342	33	nn	0.028384	0.035022	6.000000	0.024442
CASE	991028452	54	nn	0.106230	0.128308	27.625000	0.019569
CASE	991028532	51	nn	-0.003876	-0.005742	-0.375000	0.001726
CASE	991028542	60	nn	0.007358	0.007906	2.250000	0.007694
CASE	991028602	34	nn	0.001850	0.001698	-2.375000	0.000506
CASE	991028732	76	nn	0.049041	0.052072	19.250000	0.010952
CASE	991028812	72	nn	-0.016524	-0.022534	-3.187500	0.012106
CASE	991028852	23	nn	-0.047330	-0.058088	-10.687500	0.029539
CASE	991028862	34	nn	-0.045475	-0.049364	-16.187500	0.005638
CASE	991029132	48	nn	-0.065362	-0.082290	-12.937500	0.019608
CASE	991029332	73	nn	-0.038714	-0.043084	-13.250000	0.018474
CASE	991029402	60	nn	0.012291	0.013109	4.437500	0.006059
CASE	991029432	5	bb	-0.001443	0.000000	-1.937500	0.000114
CASE	991029452	24	nn	0.006962	0.014023	-6.000000	0.004100
CASE	991029502	73	bb	0.010114	0.013210	1.875000	0.006204
CASE	991029572	57	nn	-0.007391	-0.009770	-1.250000	0.017118
CASE	991029592	75	nn	0.010803	0.013080	2.562500	0.004704
CASE	991029672	72	nn	0.001546	-0.000520	3.375000	0.014146
CASE	991029792	20	nn	-0.036016	-0.062500	12.312500	0.030562
CASE	991029812	40	nn	-0.001636	0.000179	-3.375000	0.000190
CASE	991029822	46	nn	0.032155	0.057828	-8.062500	0.014424
CASE	991029832	61	nn	-0.059306	-0.072128	-15.250000	0.014449
CASE	991029882	19	bb	0.005144	0.000000	7.562500	0.133401
CASE	991030012	65	nn	0.001049	0.006395	-3.500000	0.029396
CASE	991030092	62	nn	-0.040676	-0.046796	-11.375000	0.014604
CASE	991030172	52	nn	0.015392	0.017458	5.687500	0.028826
CASE	991030352	65	bb	-0.005447	-0.010768	3.187500	0.011230
CASE	991030362	75	bb	-0.000494	0.001465	-1.500000	0.018403
CASE	991030372	81	nn	0.028646	0.032556	8.062500	0.008119
CASE	991030492	31	nn	0.020795	0.023376	6.687500	0.001759
CASE	991030542	82	nn	0.057733	0.068479	17.437500	0.011100
CASE	991030692	61	nn	-0.043599	-0.055180	-10.500000	0.016760
CASE	991030712	81	nn	0.000337	-0.001412	2.562500	0.023954
CASE	991030802	80	bb	0.031890	0.038474	8.375000	0.016988
CASE	991031002	24	nn	-0.002619	-0.007991	3.250000	0.024014
CASE	991031022	45	nn	-0.020084	-0.018440	-12.187500	0.014368
CASE	991031192	42	nn	-0.005455	-0.007861	-0.250000	0.019835
CASE	991031302	69	nn	0.031313	0.031856	12.375000	0.021044
CASE	991031482	75	nn	0.039115	0.043689	12.000000	0.009910
CASE	991031552	60	bb	-0.030581	-0.033580	-10.187500	0.005643
CASE	991031622	45	nn	-0.000674	-0.000701	-0.937500	0.015105
CASE	991031662	82	mixed	-0.049154	-0.049481	-20.375000	0.029339
CASE	991031672	8	nn	0.020994	0.031250	0.625000	0.110512
CASE	991031722	58	nn	-0.006495	-0.005948	-4.500000	0.001470
CASE	991031802	47	nn	0.056209	0.067384	14.312500	0.015148
CASE	991031872	36	nn	-0.002936	0.005164	-11.500000	0.009587
CASE	991031982	57	nn	-0.028279	-0.025288	-15.437500	0.016783
CASE	991031992	69	nn	-0.041440	-0.047522	-15.000000	0.026727
CASE	991032092	81	nn	0.009585	0.013670	0.500000	0.004666
CASE	991032232	53	nn	-0.006433	-0.009875	0.562500	0.005729
CASE	991032262	80	bb	-0.002075	-0.000336	-2.312500	0.004901
CASE	991032302	34	nn	0.030733	0.041952	3.187500	0.010984
CASE	991032402	50	bb	-0.006486	-0.005124	-3.937500	0.001874
CASE	991032492	55	nn	0.014242	0.014233	6.687500	0.001906
CASE	991032502	65	nn	0.012993	0.017711	1.125000	0.024216
CASE	991032572	49	nn	0.069060	0.087118	13.875000	0.023006
CASE	991032662	52	nn	-0.038424	-0.043043	-12.500000	0.005946
CASE	991032722	26	nn	0.035482	0.040125	11.187500	0.020980
CASE	991032752	55	nn	0.016747	0.021048	3.562500	0.004487
CASE	991032762	67	nn	-0.029704	-0.035627	-7.187500	0.011434
CASE	991032832	51	nn	-0.015263	-0.020480	-2.062500	0.003991
CASE	991032862	76	nn	-0.034756	-0.038005	-14.125000	0.012502
CASE	991032892	23	nn	-0.002314	-0.000658	-3.312500	0.000264
CASE	991032932	64	nn	-0.011944	-0.010196	-9.187500	0.015842
CASE	991033082	38	bb	0.038701	0.048115	8.375000	0.014452
CASE	991033112	68	nn	0.017315	0.019702	5.000000	0.014346
CASE	991033162	36	nn	-0.006106	-0.001680	-14.000000	0.000775
CASE	991033172	44	nn	0.004648	0.006694	1.250000	0.001590
CASE	991033182	53	nn	-0.012034	-0.012952	-4.937500	0.003613
CASE	991033202	74	nn	-0.027433	-0.031040	-11.625000	0.010526
CASE	991033242	27	bb	-0.000026	-0.000270	0.250000	0.000005
CASE	991033412	25	nn	-0.000620	0.003898	-4.812500	0.004425
CASE	991033442	59	bb	-0.036110	-0.047130	-5.187500	0.018539
CASE	991033452	68	nn	0.042490	0.052407	8.812500	0.028254
CASE	991033502	32	nn	0.075249	0.088929	19.500000	0.017796
CASE	991033532	60	nn	0.039696	0.049865	9.000000	0.012562
CASE	991033632	74	nn	0.015711	0.023307	0.375000	0.009983
CASE	991033792	60	nn	0.063654	0.071167	20.312500	0.013384
CASE	991033812	79	nn	-0.000309	-0.003784	4.937500	0.004545
CASE	991033922	17	bb	-0.001554	0.000000	-1.500000	0.000281
CASE	991033972	73	nn	-0.030208	-0.028866	-17.750000	0.015178
CASE	991034022	35	nn	0.021657	0.028547	3.062500	0.006069
CASE	991034132	61	nn	-0.018111	-0.018570	-7.375000	0.005217
CASE	991034242	79	nn	-0.009676	-0.010072	-5.062500	0.007353
CASE	991034262	19	nn	-0.127466	-0.187500	-2.000000	0.076999
CASE	991034282	36	bb	-0.003822	-0.005238	-0.500000	0.000127
CASE	991034302	59	nn	-0.033477	-0.041637	-6.312500	0.017700
CASE	991034482	65	nn	-0.008048	-0.012178	0.000000	0.009485
CASE	991034542	41	nn	0.001122	-0.001536	8.187500	0.000171
CASE	991034572	71	nn	0.006292	0.005678	3.750000	0.005033
CASE	991034672	81	bb	-0.056715	-0.062436	-18.625000	0.006151
CASE	991034702	27	nn	0.045868	0.053653	12.625000	0.018558
CASE	991034772	13	nn	0.136528	0.187500	13.937500	0.144046
CASE	991034822	61	nn	0.006575	0.009658	-3.375000	0.006504
CASE	991034832	72	nn	0.027939	0.026506	12.687500	0.014287
CASE	991034902	56	nn	-0.021207	-0.022456	-7.750000	0.003970
CASE	991035092	71	bb	0.017802	0.021473	5.062500	0.024227
CASE	991035102	82	nn	-0.045373	-0.052888	-13.000000	0.004155
CASE	991035112	7	nn	-0.000477	0.000000	-0.687500	0.000005
CASE	991035252	61	nn	-0.001588	-0.002065	-0.187500	0.001904
CASE	991035272	81	bb	-0.006120	-0.004148	-4.312500	0.026539
CASE	991035372	8	bb	-0.193483	-0.281250	-7.312500	0.171768
CASE	991035402	40	nn	0.009545	0.006334	6.875000	0.007684
CASE	991035432	70	nn	0.027984	0.036052	4.687500	0.013216
CASE	991035482	33	nn	-0.019778	-0.023359	-5.062500	0.006238
CASE	991035522	73	nn	0.014669	0.020037	2.250000	0.019094
CASE	991035532	79	nn	0.017073	0.022092	3.312500	0.013075
CASE	991035562	29	nn	-0.021349	-0.018876	-12.437500	0.002444
CASE	991035682	60	nn	-0.012989	-0.011925	-9.875000	0.001876
CASE	991035692	73	nn	-0.002145	-0.000464	-2.312500	0.019363
CASE	991035772	63	nn	-0.033429	-0.030348	-20.375000	0.013280
CASE	991035872	77	bb	-0.001527	0.001462	-3.125000	0.008646
CASE	991035962	81	bb	-0.057295	-0.066449	-18.875000	0.020961
CASE	991036002	33	nn	0.029930	0.031792	14.250000	0.005762
CASE	991036072	21	nn	-0.082860	-0.125000	4.437500	0.063051
CASE	991036092	42	bb	0.015174	0.020750	1.437500	0.016167
CASE	991036132	79	nn	-0.020646	-0.021789	-9.312500	0.003806
CASE	991036392	79	nn	-0.020700	-0.022151	-8.625000	0.005870
CASE	991036452	58	nn	0.078059	0.091610	20.687500	0.018361
CASE	991036462	68	nn	0.028829	0.025633	15.250000	0.019554
CASE	991036502	19	nn	0.001456	0.000000	2.250000	0.071927
CASE	991036552	72	nn	-0.010229	-0.007549	-6.437500	0.014105
CASE	991036562	81	bb	-0.019238	-0.024091	-3.812500	0.009305
CASE	991036632	64	bb	0.063405	0.073715	18.437500	0.012309
CASE	991036812	74	bb	-0.041592	-0.052679	-7.937500	0.008444
CASE	991036842	18	bb	-0.104127	-0.125000	-28.375000	0.137741
CASE	991036862	39	mixed	-0.020025	-0.016744	-12.187500	0.002026
CASE	991036882	59	nn	0.053229	0.067484	10.062500	0.035231
CASE	991036932	23	nn	-0.000539	-0.002824	3.125000	0.000288
CASE	991037072	74	nn	0.015344	0.018191	6.937500	0.006222
CASE	991037182	12	bb	-0.005987	0.000000	-7.687500	0.000227
CASE	991037332	79	nn	0.034310	0.044334	6.125000	0.013284
CASE	991037592	79	nn	0.001111	-0.001136	4.375000	0.002996
CASE	991037652	51	nn	-0.009641	-0.012032	-2.000000	0.008216
CASE	991037662	64	bb	-0.004902	-0.010753	3.187500	0.018020
CASE	991037742	53	nn	-0.013423	-0.015542	-2.562500	0.006077
CASE	991037762	79	nn	-0.020320	-0.017891	-15.375000	0.004970
CASE	991037842	72	nn	-0.006723	-0.005998	-2.937500	0.015998
CASE	991037922	63	nn	-0.082353	-0.099135	-19.937500	0.008457
CASE	991037932	77	nn	0.002615	0.009288	-4.437500	0.007194
CASE	991037982	40	nn	-0.023533	-0.028509	-5.750000	0.040284
CASE	991038002	58	nn	0.040579	0.045801	11.937500	0.016245
CASE	991038012	70	bb	-0.010856	-0.012293	-4.000000	0.002759
CASE	991038052	24	bb	-0.003887	-0.005271	-0.312500	0.006987
CASE	991038132	19	nn	0.002926	0.000000	5.437500	0.000372
CASE	991038162	45	bb	-0.028411	-0.038854	-3.125000	0.009674
CASE	991038172	59	nn	-0.065280	-0.075933	-21.750000	0.020432
CASE	991038272	73	nn	-0.001477	-0.003478	0.937500	0.018096
CASE	991038282	81	nn	-0.028597	-0.035923	-5.937500	0.006885
CASE	991038342	54	nn	0.004498	0.007223	-1.062500	0.010347
CASE	991038352	67	nn	0.067455	0.076879	20.250000	0.013834
CASE	991038452	81	bb	0.000289	0.001286	-0.125000	0.007423
CASE	991038542	79	nn	0.015838	0.021167	2.500000	0.005449
CASE	991038552	6	nn	0.000000	0.000000	0.000000	0.000000
CASE	991038622	77	nn	0.001225	0.000313	1.500000	0.003402
CASE	991038672	42	nn	0.084200	0.091553	29.312500	0.016320
CASE	991038692	63	nn	-0.002076	-0.004552	3.375000	0.004740
CASE	991038702	71	nn	0.044612	0.044843	25.625000	0.013641
CASE	991038752	33	mixed	0.034441	0.041133	8.875000	0.027449
CASE	991038782	66	bb	0.002437	0.000400	4.750000	0.014181
CASE	991038892	4	bb	0.000155	0.000000	0.187500	0.000000
CASE	991039002	29	nn	-0.046158	-0.059078	-8.562500	0.019858
CASE	991039032	58	nn	-0.014382	-0.013436	-6.625000	0.009236
CASE	991039152	3	nn	0.000846	0.000000	1.062500	0.000104
CASE	991039272	40	nn	0.077974	0.090704	21.437500	0.014429
CASE	991039312	75	nn	-0.021273	-0.024844	-6.937500	0.007726
CASE	991039382	63	bb	0.014441	0.011648	8.812500	0.019429
CASE	991039422	19	nn	0.033466	0.062500	-11.500000	0.179946
CASE	991039482	78	nn	0.026479	0.030717	7.687500	0.010601
CASE	991039732	65	nn	0.008996	0.012164	-0.812500	0.004599
CASE	991039792	45	nn	-0.043664	-0.052526	-10.000000	0.012415
CASE	991039842	8	bb	0.000688	0.000000	0.937500	0.000002
CASE	991039912	75	bb	-0.013339	-0.014244	-4.437500	0.006695
POS	3899	546
