CASE	991000067	47	nn	-0.033260	-0.036841	-12.625000	0.009963
CASE	991000097	81	nn	0.027952	0.032645	9.000000	0.011997
CASE	991000207	18	bb	-0.004243	0.000000	-6.687500	0.077002
CASE	991000237	46	nn	-0.003706	-0.006792	2.062500	0.011145
CASE	991000317	41	nn	-0.008668	-0.003885	-7.750000	0.008279
CASE	991000407	42	nn	0.041041	0.048742	10.375000	0.020705
CASE	991000467	17	nn	0.084195	0.125000	1.062500	0.057199
CASE	991000547	15	bb	0.035322	0.062500	-8.750000	0.093731
CASE	991000607	73	nn	0.052979	0.058945	17.125000	0.008507
CASE	991000617	86	bb	-0.037808	-0.040160	-15.312500	0.006243
CASE	991000647	27	bb	-0.001651	-0.000019	-2.937500	0.000024
CASE	991000677	59	nn	-0.021166	-0.023647	-7.312500	0.009728
CASE	991000697	74	nn	-0.035077	-0.039701	-10.812500	0.013227
CASE	991000807	16	bb	0.001922	0.000000	3.500000	0.001695
CASE	991000957	81	bb	-0.063570	-0.072038	-19.812500	0.005399
CASE	991001007	43	nn	-0.056448	-0.068919	-12.812500	0.023190
CASE	991001037	76	bb	0.021767	0.021984	9.812500	0.008622
CASE	991001047	86	nn	-0.017066	-0.015592	-8.187500	0.008837
CASE	991001067	19	nn	0.041231	0.062500	-2.062500	0.036291
CASE	991001107	58	nn	-0.011993	-0.020238	2.187500	0.011191
CASE	991001117	70	nn	-0.016056	-0.016645	-6.000000	0.002959
CASE	991001217	80	nn	0.035905	0.037208	15.375000	0.009403
CASE	991001257	36	bb	0.010411	0.015410	0.125000	0.013550
CASE	991001287	67	nn	-0.037867	-0.043889	-8.375000	0.028314
CASE	991001337	31	nn	0.000092	-0.000295	1.125000	0.000171
CASE	991001487	7	nn	-0.146685	-0.187500	-29.375000	0.163427
CASE	991001497	16	nn	-0.122176	-0.156250	-23.750000	0.261956
CASE	991001537	55	nn	-0.035873	-0.043018	-10.000000	0.015069
CASE	991001637	69	nn	-0.027007	-0.033659	-5.687500	0.007763
CASE	991001647	80	bb	-0.005830	-0.004213	-3.937500	0.006067
CASE	991001797	59	nn	0.013593	0.002260	24.187500	0.002193
CASE	991001887	65	nn	0.008244	0.001398	8.937500	0.004971
CASE	991001907	86	nn	-0.002782	-0.007866	3.187500	0.005374
CASE	991001937	30	nn	-0.017066	-0.014964	-11.500000	0.002970
CASE	991001947	38	nn	-0.002911	0.000241	-5.687500	0.001174
CASE	991002077	81	mixed	0.046453	0.054557	12.562500	0.009809
CASE	991002137	57	bb	-0.016690	-0.019692	-3.750000	0.007782
CASE	991002237	71	bb	-0.002550	0.000849	-4.750000	0.002299
CASE	991002277	23	nn	0.053337	0.070499	7.812500	0.015106
CASE	991002337	86	nn	-0.035131	-0.035648	-14.875000	0.006463
CASE	991002387	47	bb	0.030863	0.033411	10.687500	0.008437
CASE	991002507	79	nn	-0.003469	-0.001631	-3.187500	0.011043
CASE	991002537	27	nn	-0.004866	-0.004556	-4.437500	0.000538
CASE	991002567	58	nn	0.002795	-0.002541	7.750000	0.012200
CASE	991002587	73	bb	-0.008282	-0.009731	-1.937500	0.006091
CASE	991002677	81	nn	0.012300	0.017861	-0.250000	0.027196
CASE	991002767	86	nn	-0.003148	-0.002773	-1.000000	0.011889
CASE	991002837	70	nn	0.004213	0.007128	-1.125000	0.010168
CASE	991003157	45	nn	-0.026071	-0.019710	-20.437500	0.009969
CASE	991003177	66	nn	0.042131	0.053017	8.500000	0.008640
CASE	991003197	86	nn	-0.044310	-0.053080	-11.687500	0.009607
CASE	991003227	27	nn	-0.008932	-0.009848	-2.312500	0.001828
CASE	991003337	48	nn	0.028778	0.036646	5.375000	0.031339
CASE	991003437	68	nn	-0.051164	-0.062291	-11.937500	0.009268
CASE	991003447	72	bb	0.002830	0.003717	0.375000	0.009808
CASE	991003477	16	mixed	0.007331	0.000000	12.812500	0.000488
CASE	991003497	40	nn	0.030373	0.037550	6.062500	0.010526
CASE	991003537	80	nn	0.023764	0.026997	8.375000	0.010186
CASE	991003627	86	bb	0.042998	0.046642	14.875000	0.014823
CASE	991003637	6	nn	0.005554	0.000000	8.687500	0.000313
CASE	991003737	23	nn	-0.009482	-0.004217	-13.437500	0.002991
CASE	991003827	24	nn	0.022507	0.022549	10.437500	0.008422
CASE	991003837	33	nn	0.018855	0.023805	4.812500	0.011282
CASE	991003847	45	nn	-0.006176	-0.007119	-1.875000	0.002791
CASE	991003927	42	nn	-0.056893	-0.069504	-13.312500	0.017556
CASE	991003967	79	nn	-0.012094	-0.012578	-6.312500	0.003776
CASE	991004047	72	nn	0.018803	0.017865	9.062500	0.017145
CASE	991004117	56	nn	0.018720	0.023175	2.062500	0.017111
CASE	991004157	11	bb	0.041805	0.062500	-0.437500	0.035361
CASE	991004277	46	bb	0.006096	0.007375	2.625000	0.008795
CASE	991004457	54	nn	0.000390	0.000653	0.125000	0.002981
CASE	991004487	86	nn	0.002737	0.006887	-1.937500	0.024356
CASE	991004497	8	nn	0.004499	0.031250	-25.062500	0.010095
CASE	991004527	38	mixed	-0.056390	-0.064851	-19.000000	0.016508
CASE	991004647	70	nn	0.015637	0.020758	2.250000	0.008836
CASE	991004687	27	mixed	0.025199	0.013968	23.875000	0.002070
CASE	991004887	50	nn	-0.007493	-0.006832	-6.062500	0.004404
CASE	991004917	86	bb	0.036412	0.042791	10.187500	0.013364
CASE	991004937	19	nn	-0.008257	0.000000	-15.500000	0.000844
CASE	991004977	60	nn	0.004467	0.003487	4.062500	0.000177
CASE	991004997	80	nn	-0.009185	-0.014998	0.875000	0.004385
CASE	991005057	53	bb	0.010006	0.012491	1.937500	0.016294
CASE	991005227	52	bb	-0.052075	-0.064469	-11.062500	0.009975
CASE	991005407	56	nn	-0.006949	-0.005874	-4.375000	0.000728
CASE	991005427	79	nn	-0.001539	0.002059	-3.312500	0.012597
CASE	991005477	41	nn	-0.008331	-0.006633	-6.187500	0.003234
CASE	991005687	81	nn	-0.044535	-0.049409	-14.750000	0.007261
CASE	991005697	6	nn	-0.018089	-0.031250	2.875000	0.179248
CASE	991005757	61	nn	-0.015830	-0.016562	-8.250000	0.005146
CASE	991005777	86	nn	-0.017697	-0.019575	-5.562500	0.009993
CASE	991005827	48	bb	0.020810	0.024558	5.625000	0.002891
CASE	991005897	34	nn	-0.017209	-0.011957	-11.375000	0.020431
CASE	991005917	53	bb	-0.037178	-0.041080	-14.125000	0.011119
CASE	991005977	25	nn	0.057626	0.061795	20.062500	0.010255
CASE	991006007	56	nn	0.031057	0.032546	14.312500	0.007211
CASE	991006347	53	bb	-0.034462	-0.037063	-12.812500	0.002233
CASE	991006357	64	nn	-0.005465	-0.002926	-4.875000	0.010247
CASE	991006377	79	nn	0.037106	0.042478	13.125000	0.003367
CASE	991006457	78	bb	0.028002	0.036338	4.562500	0.005521
CASE	991006547	79	nn	-0.039819	-0.045916	-11.750000	0.004456
CASE	991006617	63	nn	-0.053900	-0.065089	-13.062500	0.016685
CASE	991006627	76	nn	-0.040695	-0.049172	-11.937500	0.008757
CASE	991006667	30	nn	0.007483	0.010120	0.875000	0.001312
CASE	991006767	43	nn	0.011828	0.012398	6.312500	0.004792
CASE	991006777	50	nn	0.020034	0.020099	10.125000	0.001966
CASE	991006807	79	bb	0.015845	0.019049	4.625000	0.004144
CASE	991006917	20	nn	-0.001631	0.000000	-2.250000	0.001294
CASE	991006977	79	bb	0.007587	0.010060	0.687500	0.006893
CASE	991007007	23	nn	-0.007108	-0.001738	-10.000000	0.000808
CASE	991007067	86	bb	-0.037876	-0.039760	-14.750000	0.001932
CASE	991007097	29	nn	0.020429	0.027493	2.750000	0.012875
CASE	991007147	77	nn	-0.021555	-0.019980	-9.812500	0.015125
CASE	991007287	47	nn	0.016561	0.014726	9.000000	0.006728
CASE	991007347	22	nn	0.030848	0.034808	11.500000	0.003938
CASE	991007407	79	nn	0.031265	0.029881	17.562500	0.004568
CASE	991007497	86	nn	-0.001000	-0.001960	0.375000	0.006366
CASE	991007567	69	bb	0.009841	0.008978	4.937500	0.005517
CASE	991007577	75	nn	-0.022343	-0.028944	-5.125000	0.007329
CASE	991007717	48	nn	0.005194	0.005607	1.062500	0.001369
CASE	991007767	8	nn	-0.208789	-0.281250	-26.250000	0.180952
CASE	991007887	43	nn	-0.014951	-0.022000	-0.062500	0.006541
CASE	991007897	54	nn	0.101482	0.120594	26.437500	0.034114
CASE	991007917	76	bb	0.020484	0.018117	13.250000	0.002220
CASE	991007997	69	bb	0.015641	0.019623	3.125000	0.003005
CASE	991008067	54	nn	-0.017999	-0.023923	-2.500000	0.001106
CASE	991008077	60	bb	0.019000	0.022847	5.375000	0.005083
CASE	991008117	18	bb	0.175275	0.250000	10.125000	0.228343
CASE	991008127	23	nn	-0.026772	-0.031302	-7.312500	0.012693
CASE	991008327	55	nn	-0.015697	-0.021356	-2.375000	0.005386
CASE	991008417	60	nn	-0.072945	-0.092814	-13.687500	0.015920
CASE	991008567	38	nn	-0.005065	0.000319	-12.062500	0.000328
CASE	991008577	43	nn	0.080329	0.105669	12.250000	0.021374
CASE	991008657	41	nn	0.010644	0.003143	14.625000	0.000373
CASE	991008757	53	mixed	-0.027775	-0.028909	-10.500000	0.013427
CASE	991008857	64	nn	-0.050980	-0.062876	-13.375000	0.015940
CASE	991008867	80	nn	0.006986	0.011412	-1.250000	0.009983
CASE	991009027	66	nn	-0.036729	-0.040545	-11.812500	0.013624
CASE	991009077	30	nn	0.022567	0.031293	1.500000	0.036474
CASE	991009107	62	nn	0.008379	0.013926	-0.937500	0.014769
CASE	991009117	67	nn	0.005582	0.006733	0.812500	0.000903
CASE	991009217	86	nn	0.028566	0.028000	12.375000	0.010642
CASE	991009287	68	nn	-0.022164	-0.028461	-4.062500	0.011412
CASE	991009347	39	nn	0.027245	0.038948	1.812500	0.024396
CASE	991009387	83	nn	-0.015634	-0.019531	-3.750000	0.004592
CASE	991009407	15	nn	0.086181	0.125000	3.500000	0.134877
CASE	991009487	12	nn	0.002781	0.000000	7.750000	0.000165
CASE	991009507	29	bb	-0.006477	-0.001593	-8.812500	0.000154
CASE	991009577	13	nn	-0.035412	-0.062500	8.437500	0.035095
CASE	991009617	51	bb	-0.008351	-0.009390	-2.875000	0.000719
CASE	991009637	76	nn	0.039349	0.042443	13.750000	0.015935
CASE	991009677	30	nn	0.026482	0.029413	8.500000	0.009271
CASE	991009767	29	nn	0.040391	0.051555	7.375000	0.013197
CASE	991009957	52	nn	0.047646	0.050777	17.000000	0.013898
CASE	991009967	62	nn	-0.039076	-0.045313	-13.750000	0.029049
CASE	991009977	70	bb	-0.021837	-0.023636	-7.687500	0.017648
CASE	991010047	56	bb	0.019983	0.022066	6.312500	0.008845
CASE	991010147	67	nn	0.019692	0.019412	8.062500	0.019175
CASE	991010157	79	nn	0.051439	0.059003	18.562500	0.007861
CASE	991010237	74	nn	0.046071	0.056428	11.437500	0.024841
CASE	991010357	20	mixed	0.109243	0.156250	6.187500	0.171873
CASE	991010367	31	mixed	-0.029737	-0.021264	-20.250000	0.006448
CASE	991010407	72	bb	-0.039379	-0.046858	-11.250000	0.004235
CASE	991010417	81	nn	0.013941	0.020818	0.625000	0.015302
CASE	991010447	23	bb	0.019981	0.028366	-0.812500	0.031160
CASE	991010567	58	nn	-0.019853	-0.022204	-6.312500	0.019736
CASE	991010727	42	nn	-0.022330	-0.027468	-4.875000	0.016678
CASE	991010757	77	mixed	0.028089	0.036240	4.812500	0.014005
CASE	991010857	5	nn	0.001650	0.000000	2.000000	0.204249
CASE	991010937	86	nn	0.001641	0.004528	-1.687500	0.005471
CASE	991011057	33	nn	0.005871	0.001892	13.625000	0.000315
CASE	991011107	81	nn	-0.048280	-0.050439	-19.562500	0.014445
CASE	991011117	6	nn	-0.018645	0.000000	-27.562500	0.000837
CASE	991011157	48	nn	-0.014567	-0.011285	-10.312500	0.003639
CASE	991011347	64	nn	0.021324	0.013001	16.562500	0.004551
CASE	991011507	50	nn	0.005426	0.004839	3.187500	0.001785
CASE	991011567	28	bb	0.000778	-0.000001	5.375000	0.000009
CASE	991011607	67	nn	-0.070592	-0.086009	-17.187500	0.024928
CASE	991011617	75	bb	0.024337	0.033785	2.062500	0.005288
CASE	991011637	12	nn	0.179156	0.250000	16.687500	0.107508
CASE	991011687	62	bb	0.015856	0.020046	2.937500	0.018231
CASE	991011697	71	nn	0.023598	0.024522	8.875000	0.009061
CASE	991011777	66	nn	0.012398	0.014817	3.562500	0.012838
CASE	991011887	3	nn	-0.001081	0.000000	-1.312500	0.000013
CASE	991011897	11	nn	-0.000738	0.000000	2.250000	0.000285
CASE	991011947	60	nn	-0.031189	-0.037353	-6.250000	0.020496
CASE	991012137	79	nn	-0.014564	-0.019077	-1.312500	0.005028
CASE	991012197	56	nn	-0.023948	-0.023948	-11.000000	0.017457
CASE	991012227	86	nn	0.025967	0.027509	9.500000	0.003359
CASE	991012267	35	nn	0.006475	0.004214	6.937500	0.001323
CASE	991012337	24	bb	0.000929	0.002285	-1.125000	0.002659
CASE	991012437	38	nn	-0.009814	-0.006781	-6.437500	0.011800
CASE	991012467	66	nn	0.014183	0.020704	1.312500	0.015452
CASE	991012477	77	nn	0.027485	0.025543	12.750000	0.040876
CASE	991012677	17	nn	-0.003218	0.000000	-4.062500	0.000814
CASE	991012717	59	nn	0.006355	0.007811	1.687500	0.005373
CASE	991012737	74	nn	0.031447	0.032815	14.000000	0.009806
CASE	991012817	74	bb	0.012407	0.010351	6.687500	0.003964
CASE	991012887	55	nn	0.002864	0.003553	0.687500	0.004328
CASE	991012897	66	nn	-0.030032	-0.036177	-7.687500	0.019273
CASE	991012987	72	nn	-0.024638	-0.031753	-4.187500	0.008662
CASE	991013087	86	nn	0.025756	0.032285	5.375000	0.004588
CASE	991013127	37	bb	-0.000963	-0.000463	-1.250000	0.000004
CASE	991013147	60	nn	-0.008823	-0.009358	-4.812500	0.002049
CASE	991013257	81	mixed	0.020013	0.024044	5.000000	0.030772
CASE	991013427	76	nn	0.003575	0.004273	0.500000	0.009566
CASE	991013457	24	nn	0.004283	0.013408	-6.687500	0.005931
CASE	991013487	55	nn	-0.008166	-0.006710	-5.750000	0.009557
CASE	991013517	86	bb	0.017675	0.016511	9.875000	0.023407
CASE	991013547	28	bb	0.004005	0.001705	3.625000	0.000634
CASE	991013687	79	nn	0.011513	0.014168	2.000000	0.002195
CASE	991013947	86	nn	0.018902	0.025733	1.812500	0.040137
CASE	991013997	46	nn	0.016992	0.016511	8.375000	0.009390
CASE	991014017	70	nn	0.017357	0.024411	1.437500	0.007415
CASE	991014097	62	bb	0.020309	0.022208	6.750000	0.004162
CASE	991014177	57	nn	-0.015691	-0.016772	-6.375000	0.007332
CASE	991014277	70	bb	0.009587	0.012332	1.437500	0.007832
CASE	991014337	45	nn	0.004670	0.003384	2.687500	0.062508
CASE	991014357	61	nn	-0.006624	-0.015810	4.562500	0.030200
CASE	991014367	75	nn	-0.014567	-0.016769	-4.500000	0.010845
CASE	991014397	18	bb	-0.128114	-0.187500	-2.500000	0.088659
CASE	991014417	39	bb	0.002495	0.003117	0.500000	0.000100
CASE	991014427	50	nn	-0.057945	-0.067517	-17.687500	0.010225
CASE	991014457	80	nn	-0.021749	-0.023139	-8.000000	0.015279
CASE	991014477	11	nn	-0.037730	-0.062500	6.625000	0.231532
CASE	991014537	72	nn	-0.039468	-0.046977	-10.750000	0.018730
CASE	991014587	37	nn	-0.003199	-0.000211	-9.312500	0.000043
CASE	991014707	69	bb	-0.041473	-0.047518	-11.812500	0.006300
CASE	991014747	24	nn	-0.118168	-0.151132	-21.562500	0.040656
CASE	991014787	65	nn	0.012403	0.013641	3.750000	0.006691
CASE	991014807	86	nn	-0.043282	-0.055192	-8.250000	0.016174
CASE	991014847	39	nn	0.016239	0.037831	-10.875000	0.020356
CASE	991014867	54	bb	-0.016354	-0.018230	-8.437500	0.013263
CASE	991014907	10	bb	0.038154	0.062500	-4.562500	0.029185
CASE	991015017	38	nn	-0.002194	-0.003648	-0.062500	0.015633
CASE	991015087	21	nn	0.020648	0.031250	0.812500	0.011947
CASE	991015097	26	nn	-0.014865	-0.006516	-19.375000	0.002134
CASE	991015107	41	nn	-0.026354	-0.028556	-11.937500	0.004636
CASE	991015117	51	bb	0.018724	0.021506	5.375000	0.002407
CASE	991015127	61	nn	-0.055569	-0.064819	-15.062500	0.012253
CASE	991015187	34	nn	-0.114367	-0.139311	-26.250000	0.027664
CASE	991015217	66	nn	-0.017064	-0.014759	-11.562500	0.007708
CASE	991015237	86	nn	-0.017477	-0.022850	-2.562500	0.015415
CASE	991015267	30	nn	0.044087	0.053755	10.687500	0.014664
CASE	991015307	70	nn	0.007042	0.007924	-0.375000	0.021593
CASE	991015377	52	nn	-0.074996	-0.089664	-18.687500	0.019127
CASE	991015507	10	nn	0.092406	0.125000	10.687500	0.061605
CASE	991015607	20	nn	0.052997	0.062500	18.312500	0.106975
CASE	991015647	65	nn	-0.071859	-0.084377	-20.375000	0.036181
CASE	991015817	62	bb	0.011319	0.014217	2.187500	0.003401
CASE	991015827	73	nn	-0.024500	-0.016939	-17.562500	0.013141
CASE	991015987	57	nn	-0.020140	-0.019034	-10.750000	0.007643
CASE	991016007	82	nn	0.009677	0.006432	6.437500	0.005861
CASE	991016027	14	nn	-0.047780	-0.062500	-6.562500	0.101243
CASE	991016057	43	nn	-0.012966	-0.012182	-6.437500	0.006287
CASE	991016097	86	nn	-0.004738	-0.003042	-3.062500	0.016850
CASE	991016157	55	nn	0.005307	0.006678	1.625000	0.003902
CASE	991016217	31	nn	-0.005418	-0.005409	-2.750000	0.006259
CASE	991016257	73	nn	0.059585	0.067588	18.625000	0.008008
CASE	991016307	32	bb	-0.007004	-0.000554	-10.125000	0.004330
CASE	991016497	55	nn	-0.034811	-0.037829	-12.500000	0.012131
CASE	991016597	66	nn	-0.009674	-0.008109	-7.750000	0.008844
CASE	991016677	62	bb	-0.003193	-0.003949	-1.375000	0.003680
CASE	991016757	57	bb	0.005567	0.006718	1.437500	0.009774
CASE	991016807	20	nn	-0.052177	-0.062500	-13.437500	0.167783
CASE	991016837	51	nn	-0.017201	-0.019247	-6.312500	0.006811
CASE	991016957	86	nn	-0.022833	-0.027512	-6.312500	0.023803
CASE	991017257	41	nn	-0.030019	-0.033402	-9.625000	0.015262
CASE	991017267	52	nn	0.088485	0.105331	22.687500	0.013222
CASE	991017307	6	nn	0.000953	0.000000	1.375000	0.000044
CASE	991017327	26	nn	0.013433	0.010359	10.250000	0.002319
CASE	991017357	54	nn	0.006548	0.012265	-2.062500	0.011231
CASE	991017487	13	nn	0.138770	0.187500	19.937500	0.227021
CASE	991017617	53	bb	-0.000877	-0.001084	-0.250000	0.000011
CASE	991017627	65	bb	0.015095	0.017976	4.000000	0.006801
CASE	991017637	78	nn	-0.089100	-0.096735	-31.875000	0.012595
CASE	991017717	72	nn	0.007010	0.006322	3.187500	0.017984
CASE	991017727	79	nn	0.032085	0.034094	15.687500	0.002493
CASE	991017957	53	nn	0.005162	0.004633	3.062500	0.006612
CASE	991018007	17	nn	0.000312	0.000000	0.750000	0.000765
CASE	991018037	43	nn	0.008172	0.014386	-2.812500	0.006091
CASE	991018047	57	nn	-0.023610	-0.022744	-10.687500	0.001232
CASE	991018057	67	nn	-0.046460	-0.054422	-13.500000	0.012916
CASE	991018157	76	nn	0.040943	0.044837	17.375000	0.011945
CASE	991018177	13	nn	0.036868	0.062500	-9.750000	0.032333
CASE	991018187	26	nn	0.058163	0.071512	13.625000	0.010361
CASE	991018317	70	nn	-0.001114	-0.002868	1.750000	0.001899
CASE	991018467	45	nn	-0.079596	-0.099758	-17.250000	0.011849
CASE	991018537	26	nn	-0.048732	-0.060186	-11.062500	0.020420
CASE	991018587	81	nn	0.031589	0.036552	9.437500	0.012003
CASE	991018617	23	bb	0.004369	0.004342	1.812500	0.000463
CASE	991018717	40	nn	-0.012383	-0.014253	-2.562500	0.002612
CASE	991018817	51	nn	0.005881	0.005913	3.625000	0.012362
CASE	991018827	64	nn	0.005526	0.011777	-3.125000	0.011747
CASE	991018927	72	nn	0.006702	0.007156	2.500000	0.017134
CASE	991018967	32	nn	-0.053684	-0.061075	-17.375000	0.038728
CASE	991019087	65	nn	0.063073	0.073067	18.375000	0.033825
CASE	991019097	75	nn	-0.064160	-0.066871	-23.687500	0.015933
CASE	991019187	78	bb	0.000780	0.000076	1.312500	0.000517
CASE	991019277	81	nn	0.009105	0.012875	0.437500	0.016227
CASE	991019307	26	nn	-0.017287	-0.023274	-1.875000	0.014334
CASE	991019437	71	nn	-0.032046	-0.032663	-12.750000	0.023548
CASE	991019517	60	nn	0.000795	0.001569	-0.312500	0.001732
CASE	991019527	75	nn	-0.028059	-0.028999	-11.625000	0.019106
CASE	991019557	18	nn	-0.010428	0.000000	-15.437500	0.001880
CASE	991019587	46	nn	-0.003417	-0.009108	4.750000	0.010789
CASE	991019637	12	nn	0.047686	0.062500	7.312500	0.161786
CASE	991019687	61	bb	-0.029492	-0.033857	-9.125000	0.006836
CASE	991019877	79	nn	-0.023501	-0.026876	-8.437500	0.009245
CASE	991019967	86	nn	-0.016013	-0.015807	-6.875000	0.005422
CASE	991019997	26	nn	0.004692	0.000278	10.875000	0.000321
CASE	991020017	47	nn	0.009039	0.008712	6.250000	0.005794
CASE	991020237	10	nn	-0.208940	-0.281250	-27.312500	0.215938
CASE	991020287	60	bb	0.002325	0.000976	2.250000	0.000229
CASE	991020307	81	nn	0.016430	0.017313	5.812500	0.009126
CASE	991020367	50	nn	0.027566	0.030539	11.375000	0.052069
CASE	991020467	67	nn	-0.003503	-0.003414	-1.500000	0.005854
CASE	991020587	18	nn	-0.106273	-0.125000	-31.687500	0.065999
CASE	991020687	30	nn	-0.016319	-0.022849	-1.312500	0.014074
CASE	991020787	44	nn	-0.014686	-0.019506	-2.312500	0.009424
CASE	991020827	86	bb	-0.006439	-0.009105	-0.437500	0.006075
CASE	991021187	16	nn	-0.005113	0.000000	-8.312500	0.069316
CASE	991021377	31	nn	0.005878	0.003206	5.375000	0.004284
CASE	991021397	50	nn	-0.027671	-0.031940	-7.375000	0.012731
CASE	991021457	24	nn	-0.008890	-0.001850	-15.500000	0.000351
CASE	991021507	75	nn	-0.093290	-0.105165	-29.687500	0.014019
CASE	991021567	52	nn	0.038922	0.046029	10.437500	0.009312
CASE	991021577	60	bb	-0.009340	-0.010013	-3.625000	0.001648
CASE	991021687	86	nn	-0.021579	-0.023004	-7.375000	0.006345
CASE	991021717	29	nn	0.012075	0.009031	13.812500	0.003636
CASE	991021847	72	nn	-0.039077	-0.045428	-10.687500	0.013094
CASE	991021907	45	bb	-0.006563	-0.003953	-7.625000	0.000380
CASE	991022197	78	nn	-0.029759	-0.038256	-5.375000	0.004100
CASE	991022337	45	nn	0.030080	0.034260	10.375000	0.011296
CASE	991022347	57	nn	0.029116	0.034991	7.437500	0.006761
CASE	991022437	62	nn	0.009191	0.009540	4.562500	0.008199
CASE	991022547	86	bb	-0.032654	-0.038925	-8.187500	0.002936
CASE	991022677	42	nn	-0.003679	-0.002985	-4.375000	0.001427
CASE	991022887	82	nn	-0.012847	-0.018393	-0.500000	0.008091
CASE	991023017	38	nn	0.058158	0.076451	8.812500	0.017728
CASE	991023107	41	nn	0.015227	0.018266	3.625000	0.008955
CASE	991023317	82	nn	-0.025471	-0.024387	-12.250000	0.009213
CASE	991023467	55	nn	0.034367	0.037043	11.562500	0.014842
CASE	991023527	33	nn	0.034429	0.039177	10.062500	0.005775
CASE	991023567	71	bb	0.000975	-0.004139	8.625000	0.010060
CASE	991023577	81	nn	0.039655	0.051086	7.687500	0.012668
CASE	991023787	34	bb	-0.001495	-0.001083	-1.062500	0.000036
CASE	991023817	66	bb	-0.021872	-0.021941	-9.562500	0.003201
CASE	991023837	86	bb	-0.042269	-0.052095	-9.125000	0.006372
CASE	991023917	80	nn	-0.023297	-0.027067	-6.812500	0.011257
CASE	991024067	58	nn	0.028833	0.032834	8.500000	0.009132
CASE	991024157	57	nn	-0.026367	-0.028776	-12.062500	0.004740
CASE	991024177	81	nn	0.056716	0.066559	19.875000	0.013155
CASE	991024227	45	nn	-0.047046	-0.056061	-12.187500	0.009213
CASE	991024267	86	nn	-0.066558	-0.079994	-16.687500	0.008125
CASE	991024347	75	nn	0.012565	0.022350	-3.062500	0.015618
CASE	991024417	60	nn	-0.016143	-0.014567	-7.937500	0.010172
CASE	991024447	6	nn	0.000674	0.000000	6.375000	0.000261
CASE	991024497	56	nn	0.027253	0.033295	6.562500	0.014003
CASE	991024597	71	nn	-0.051394	-0.058109	-14.750000	0.017576
CASE	991024637	25	nn	0.005126	0.011047	-3.437500	0.033591
CASE	991024687	73	nn	0.010279	0.006116	10.125000	0.014029
CASE	991024797	14	bb	-0.041805	-0.062500	-0.250000	0.029687
CASE	991024827	44	nn	-0.018858	-0.017905	-12.125000	0.003298
CASE	991024867	82	nn	-0.020955	-0.026109	-4.250000	0.012132
CASE	991024927	55	bb	-0.000951	0.002923	-5.125000	0.006514
CASE	991025037	80	nn	-0.003024	0.003386	-7.500000	0.011907
CASE	991025127	86	nn	-0.017894	-0.014450	-10.625000	0.023823
CASE	991025187	58	nn	-0.001545	-0.000588	-1.500000	0.003452
CASE	991025337	36	nn	0.013249	0.018082	2.625000	0.015424
CASE	991025377	76	nn	0.028068	0.028578	11.875000	0.021444
CASE	991025517	46	bb	-0.035780	-0.047225	-5.500000	0.009439
CASE	991025567	9	nn	0.130334	0.187500	6.187500	0.088959
CASE	991025677	31	bb	0.035305	0.045045	6.562500	0.014246
CASE	991025787	53	nn	0.000990	-0.002177	3.750000	0.008779
CASE	991025797	66	nn	0.026067	0.032169	5.625000	0.010312
CASE	991025837	22	nn	-0.024273	-0.035133	-1.000000	0.011055
CASE	991025927	25	nn	0.019863	0.027458	2.750000	0.016806
CASE	991025987	86	nn	0.024123	0.023692	10.750000	0.008607
CASE	991026277	28	nn	-0.094193	-0.108572	-27.250000	0.015677
CASE	991026297	48	nn	-0.012480	-0.014539	-3.625000	0.019110
CASE	991026317	69	nn	-0.006518	-0.011140	1.250000	0.019714
CASE	991026347	12	nn	0.129305	0.187500	5.187500	0.089363
CASE	991026407	70	nn	-0.014560	-0.016452	-4.250000	0.003288
CASE	991026427	10	nn	0.006916	0.000000	11.375000	0.000871
CASE	991026477	60	nn	0.000881	-0.000232	2.375000	0.007597
CASE	991026497	79	nn	0.024735	0.034045	2.687500	0.015826
CASE	991026547	44	nn	0.009025	0.006355	6.250000	0.013489
CASE	991026577	74	nn	-0.041436	-0.043611	-17.125000	0.003358
CASE	991026617	24	nn	-0.023690	-0.026311	-8.125000	0.006864
CASE	991026627	34	nn	0.001132	0.001717	0.562500	0.017831
CASE	991026647	52	nn	0.009317	0.008696	3.875000	0.010153
CASE	991026717	41	nn	0.014142	0.016988	3.312500	0.005648
CASE	991026807	46	bb	-0.001120	-0.001009	-1.812500	0.000143
CASE	991026827	60	mixed	-0.045204	-0.046363	-18.000000	0.008262
CASE	991026897	47	nn	0.007958	0.007959	3.062500	0.007045
CASE	991026907	58	nn	0.064092	0.071404	20.875000	0.023537
CASE	991026927	78	nn	-0.028239	-0.032069	-7.937500	0.008328
CASE	991027007	71	nn	-0.028160	-0.035317	-6.000000	0.012916
CASE	991027047	22	nn	0.044044	0.055813	8.812500	0.075188
CASE	991027277	86	bb	0.006302	0.007744	1.000000	0.004573
CASE	991027377	14	nn	0.092547	0.125000	11.812500	0.131628
CASE	991027487	34	nn	0.021799	0.029858	1.187500	0.034870
CASE	991027507	56	nn	-0.086652	-0.100983	-27.125000	0.029521
CASE	991027607	72	bb	0.009857	0.012926	1.437500	0.008441
CASE	991027767	54	nn	-0.017564	-0.019861	-5.250000	0.006582
CASE	991027817	23	nn	-0.001643	0.002138	-5.125000	0.005376
CASE	991027877	79	nn	0.035684	0.043123	10.312500	0.008377
CASE	991027987	21	nn	-0.202785	-0.281250	-18.375000	0.199846
CASE	991028037	72	bb	-0.019889	-0.021170	-7.125000	0.007985
CASE	991028107	53	nn	-0.000464	-0.000165	-2.187500	0.003430
CASE	991028207	66	bb	0.005054	0.004095	3.187500	0.003676
CASE	991028267	43	nn	-0.033575	-0.038077	-9.125000	0.009243
CASE	991028307	82	nn	-0.033742	-0.037477	-12.562500	0.015820
CASE	991028427	28	nn	-0.008788	-0.003402	-13.437500	0.001119
CASE	991028477	82	nn	0.011964	0.016077	0.312500	0.010591
CASE	991028617	48	nn	0.093684	0.110211	25.125000	0.024758
CASE	991028687	33	nn	-0.024833	-0.027951	-8.000000	0.009326
CASE	991028737	82	mixed	-0.026260	-0.024512	-11.875000	0.013779
CASE	991028817	76	nn	0.005878	0.006334	4.062500	0.006571
CASE	991028997	86	nn	0.023347	0.023409	9.187500	0.016583
CASE	991029127	44	nn	-0.000063	-0.000680	0.750000	0.022884
CASE	991029317	60	nn	0.045297	0.051301	13.875000	0.011158
CASE	991029387	45	nn	0.090147	0.106918	24.937500	0.018605
CASE	991029407	63	nn	-0.016822	-0.022403	-2.437500	0.009369
CASE	991029417	72	nn	-0.026196	-0.023422	-13.937500	0.010281
CASE	991029497	67	bb	-0.012659	-0.017381	-1.250000	0.011556
CASE	991029617	13	nn	0.196162	0.250000	42.250000	0.110283
CASE	991029827	55	bb	-0.010429	-0.016052	-0.062500	0.026818
CASE	991029847	74	nn	-0.022802	-0.020711	-12.187500	0.025112
CASE	991030087	58	nn	-0.073374	-0.090053	-16.687500	0.026048
CASE	991030287	86	bb	0.010679	0.008348	6.812500	0.004681
CASE	991030337	50	nn	0.083124	0.096758	24.125000	0.020730
CASE	991030397	24	nn	-0.051933	-0.060642	-13.937500	0.020205
CASE	991030527	66	nn	0.009611	0.011196	3.375000	0.008978
CASE	991030537	72	bb	0.000824	0.000313	0.750000	0.000090
CASE	991030577	28	nn	-0.007520	-0.002826	-8.375000	0.001327
CASE	991030607	59	nn	0.017513	0.019903	5.000000	0.016648
CASE	991030617	66	nn	-0.032784	-0.038006	-14.500000	0.009916
CASE	991030777	57	nn	0.002699	0.003247	1.000000	0.002476
CASE	991030887	81	nn	-0.027383	-0.031989	-6.937500	0.013249
CASE	991030917	24	bb	0.022046	0.025021	6.562500	0.011801
CASE	991031057	81	nn	0.022456	0.025713	6.062500	0.007232
CASE	991031087	26	nn	0.057890	0.074680	10.125000	0.029668
CASE	991031137	73	nn	-0.008528	-0.013097	0.437500	0.021151
CASE	991031147	86	nn	0.011239	0.009165	6.437500	0.004223
CASE	991031187	34	bb	0.019827	0.021363	6.687500	0.011433
CASE	991031207	59	nn	-0.021791	-0.026267	-7.187500	0.005580
CASE	991031217	68	nn	0.012761	0.013668	6.062500	0.010880
CASE	991031227	80	nn	-0.033654	-0.044727	-4.125000	0.013703
CASE	991031347	23	nn	0.082878	0.113253	8.812500	0.020880
CASE	991031387	64	nn	-0.018630	-0.024578	-2.250000	0.009169
CASE	991031487	81	nn	-0.029613	-0.035457	-7.625000	0.006781
CASE	991031537	45	nn	-0.053158	-0.057414	-19.062500	0.020860
CASE	991031567	75	nn	0.011957	0.017600	0.750000	0.013758
CASE	991031677	13	nn	0.004978	0.000000	18.250000	0.000204
CASE	991031777	28	nn	0.010991	0.015374	0.687500	0.004144
CASE	991031827	78	nn	0.030591	0.036854	7.187500	0.009664
CASE	991031897	60	nn	0.017371	0.016090	10.312500	0.028693
CASE	991031917	79	nn	0.018181	0.018405	7.875000	0.009650
CASE	991031937	13	nn	0.004617	0.000000	9.250000	0.000900
CASE	991031997	71	nn	-0.007686	-0.008202	-2.125000	0.007855
CASE	991032007	86	nn	-0.037898	-0.044093	-10.500000	0.008980
CASE	991032067	58	nn	0.007147	0.009658	1.187500	0.008596
CASE	991032137	42	nn	0.001529	0.000423	7.687500	0.000052
CASE	991032237	56	nn	-0.022558	-0.024316	-8.937500	0.011650
CASE	991032317	49	nn	-0.030199	-0.039851	-4.250000	0.015796
CASE	991032397	41	nn	-0.019363	-0.023204	-5.562500	0.057790
CASE	991032427	75	nn	0.023685	0.020895	16.812500	0.009475
CASE	991032437	86	bb	-0.005286	-0.004995	-3.437500	0.007509
CASE	991032457	20	nn	-0.003153	0.000000	-8.937500	0.000502
CASE	991032597	73	bb	0.002777	0.004465	-0.312500	0.014349
CASE	991032617	5	nn	0.007799	0.000000	11.875000	0.000471
CASE	991032717	22	nn	-0.048750	-0.057425	-15.000000	0.005351
CASE	991032797	16	nn	0.021008	0.031250	-0.750000	0.054097
CASE	991032897	28	nn	-0.040546	-0.053444	-5.437500	0.019868
CASE	991032917	50	nn	0.046810	0.054730	14.500000	0.029373
CASE	991032927	58	nn	0.019301	0.022144	5.937500	0.011555
CASE	991032937	64	nn	-0.010962	-0.016462	1.000000	0.012655
CASE	991032957	4	bb	-0.004154	0.000000	-7.250000	0.000075
CASE	991033017	63	bb	-0.008405	-0.009318	-2.812500	0.000580
CASE	991033077	36	nn	-0.002076	-0.002149	-0.812500	0.004311
CASE	991033207	81	nn	-0.015301	-0.019596	-4.500000	0.013470
CASE	991033397	14	nn	0.000474	0.000000	1.250000	0.068685
CASE	991033417	34	nn	-0.006873	-0.005748	-3.750000	0.006150
CASE	991033437	51	nn	0.019261	0.019034	8.250000	0.012385
CASE	991033477	7	nn	-0.012014	0.000000	-15.062500	0.134699
CASE	991033567	10	nn	0.041656	0.062500	-0.625000	0.031827
CASE	991033597	41	nn	0.046651	0.058146	10.062500	0.016418
CASE	991033637	80	nn	-0.023910	-0.028029	-6.500000	0.011616
CASE	991033687	41	bb	-0.004832	-0.003848	-4.187500	0.000156
CASE	991033727	86	bb	0.001661	0.001717	0.687500	0.005993
CASE	991033737	9	nn	-0.088622	-0.125000	-7.437500	0.136211
CASE	991033757	30	mixed	0.006714	0.028868	-15.250000	0.009354
CASE	991033767	38	nn	-0.014820	-0.020884	0.687500	0.015840
CASE	991033897	82	nn	-0.015040	-0.014685	-6.687500	0.013240
CASE	991033977	76	nn	-0.006708	-0.005512	-3.437500	0.011449
CASE	991034047	62	nn	-0.026478	-0.029553	-10.375000	0.009442
CASE	991034127	56	nn	-0.035148	-0.039208	-12.437500	0.007135
CASE	991034197	39	nn	0.028079	0.034387	6.875000	0.008639
CASE	991034277	32	nn	-0.004969	-0.009461	2.687500	0.002974
CASE	991034287	43	nn	-0.020366	-0.024553	-5.750000	0.006498
CASE	991034377	48	nn	0.033151	0.038608	9.750000	0.003052
CASE	991034457	40	nn	0.005055	0.003104	5.375000	0.012471
CASE	991034527	26	nn	-0.015724	-0.003834	-17.812500	0.004017
CASE	991034587	86	nn	-0.000532	-0.005522	3.562500	0.015910
CASE	991034637	49	bb	0.029982	0.036939	7.375000	0.033903
CASE	991034657	67	nn	-0.001117	0.000316	-1.812500	0.013118
CASE	991034747	74	nn	0.016722	0.019249	4.625000	0.011007
CASE	991034907	60	nn	-0.088704	-0.104776	-24.000000	0.016826
CASE	991034967	33	nn	0.025267	0.028084	9.750000	0.002148
CASE	991035007	74	bb	0.035360	0.040255	10.687500	0.004992
CASE	991035047	30	nn	0.027760	0.035290	5.437500	0.016021
CASE	991035067	49	bb	0.010411	0.013150	1.312500	0.006341
CASE	991035157	53	bb	0.010583	0.014553	0.187500	0.008800
CASE	991035167	61	nn	-0.043414	-0.048264	-13.125000	0.025031
CASE	991035257	67	nn	0.008100	0.012318	0.937500	0.015041
CASE	991035267	78	nn	-0.020326	-0.024581	-4.812500	0.012223
CASE	991035487	39	nn	-0.017595	-0.028448	7.437500	0.015333
CASE	991035507	59	bb	0.001127	0.000559	0.250000	0.006453
CASE	991035687	68	nn	0.007217	0.015691	-3.625000	0.005251
CASE	991035727	20	nn	0.096146	0.125000	15.687500	0.127589
CASE	991035747	40	nn	0.065855	0.072613	23.687500	0.011163
CASE	991035787	81	nn	-0.039255	-0.041406	-16.437500	0.010214
CASE	991035847	51	nn	0.041122	0.046356	14.500000	0.021582
CASE	991035877	86	nn	-0.003185	-0.004898	0.937500	0.009094
CASE	991035947	68	bb	0.027810	0.032353	7.500000	0.011777
CASE	991036047	79	nn	-0.023459	-0.027313	-6.125000	0.008513
CASE	991036127	77	nn	-0.046166	-0.056462	-11.125000	0.009917
CASE	991036157	22	nn	-0.002408	-0.008613	4.187500	0.016778
CASE	991036187	49	nn	0.049057	0.054388	18.062500	0.010030
CASE	991036217	81	nn	0.013801	0.016896	4.312500	0.013934
CASE	991036307	86	nn	0.009639	0.008176	5.875000	0.022041
CASE	991036317	10	nn	0.003068	0.000000	3.250000	0.070351
CASE	991036327	20	nn	0.156252	0.187500	48.812500	0.088618
CASE	991036377	69	nn	0.027863	0.030999	9.750000	0.012415
CASE	991036387	74	nn	-0.021550	-0.024616	-6.375000	0.012409
CASE	991036437	42	nn	0.081242	0.098535	18.812500	0.028946
CASE	991036477	81	nn	-0.026148	-0.029642	-10.750000	0.013410
CASE	991036507	27	nn	-0.018911	-0.021567	-6.625000	0.019836
CASE	991036627	62	nn	-0.055333	-0.066649	-13.062500	0.015999
CASE	991036717	65	nn	-0.009528	-0.011564	-1.125000	0.010249
CASE	991036727	75	bb	-0.003779	-0.004752	-1.000000	0.001268
CASE	991036757	18	nn	-0.003337	0.000000	-4.812500	0.000637
CASE	991036787	45	nn	0.030719	0.033220	10.500000	0.010656
CASE	991036887	62	nn	0.063399	0.072573	18.812500	0.011029
CASE	991036917	6	nn	-0.005123	0.000000	-6.125000	0.072880
CASE	991037017	19	nn	0.004323	0.000000	7.500000	0.000779
CASE	991037037	40	nn	0.013934	0.008619	15.375000	0.001561
CASE	991037077	81	nn	0.004969	0.012962	-9.062500	0.012449
CASE	991037227	59	nn	0.010629	0.010966	4.062500	0.009302
CASE	991037237	70	nn	0.050121	0.054248	18.062500	0.009761
CASE	991037317	63	nn	-0.018332	-0.025252	0.500000	0.018103
CASE	991037327	72	nn	0.009145	0.012292	1.125000	0.009798
CASE	991037337	81	nn	-0.050954	-0.059059	-13.062500	0.020003
CASE	991037437	12	bb	-0.003536	0.000000	-5.500000	0.000224
CASE	991037447	17	nn	0.036513	0.062500	-9.500000	0.037950
CASE	991037767	80	mixed	-0.029692	-0.032316	-9.750000	0.030018
CASE	991037777	4	bb	0.011797	0.000000	16.937500	0.000326
CASE	991037937	81	mixed	-0.018987	-0.011012	-14.687500	0.024629
CASE	991037977	36	nn	-0.022191	-0.024907	-7.187500	0.001584
CASE	991037997	51	nn	-0.011414	-0.011636	-4.562500	0.006095
CASE	991038097	67	nn	-0.012788	-0.016320	-2.687500	0.006925
CASE	991038197	79	nn	0.044269	0.051925	12.125000	0.007321
CASE	991038247	48	nn	0.031985	0.042316	3.125000	0.018974
CASE	991038267	64	nn	0.017053	0.019688	5.687500	0.011695
CASE	991038277	74	nn	-0.015248	-0.016894	-6.250000	0.005777
CASE	991038307	20	nn	-0.053535	-0.062500	-18.687500	0.172287
CASE	991038367	80	nn	-0.057795	-0.068332	-15.250000	0.007952
CASE	991038397	23	bb	-0.018089	-0.028813	1.500000	0.018410
CASE	991038457	86	nn	-0.001721	-0.005281	1.937500	0.006056
CASE	991038487	30	nn	0.020097	0.010646	20.937500	0.000559
CASE	991038527	66	nn	0.025250	0.027307	9.187500	0.019716
CASE	991038577	28	nn	0.014727	0.016875	4.625000	0.003470
CASE	991038617	72	nn	-0.007291	-0.004730	-5.562500	0.016022
CASE	991038687	56	bb	-0.071640	-0.085426	-18.875000	0.015127
CASE	991038697	65	nn	0.043400	0.050921	13.500000	0.009339
CASE	991038787	70	bb	-0.027390	-0.033176	-6.625000	0.005460
CASE	991038797	81	nn	0.032405	0.042054	4.937500	0.010954
CASE	991038887	86	nn	0.045379	0.046667	17.562500	0.009769
CASE	991038917	27	nn	-0.057760	-0.068036	-15.937500	0.046268
CASE	991038997	20	nn	0.003041	0.000000	5.312500	0.000707
CASE	991039027	49	nn	-0.010116	-0.017018	1.437500	0.007604
CASE	991039037	60	nn	-0.018827	-0.022159	-4.875000	0.004409
CASE	991039287	54	nn	0.006006	0.008302	0.562500	0.000722
CASE	991039357	39	nn	-0.029880	-0.033496	-10.687500	0.010411
CASE	991039377	60	nn	-0.046704	-0.048610	-21.187500	0.016736
CASE	991039427	23	nn	-0.027057	-0.039031	-1.437500	0.025287
CASE	991039467	64	nn	0.022791	0.025125	8.125000	0.008586
CASE	991039597	21	nn	-0.032441	-0.062500	17.625000	0.033354
CASE	991039657	81	bb	0.017772	0.019943	5.562500	0.012284
CASE	991039687	24	nn	-0.022157	-0.026969	-5.062500	0.005931
CASE	991039827	78	nn	-0.000232	-0.002416	1.375000	0.011903
CASE	991039957	38	nn	-0.008058	-0.008876	-4.437500	0.000606
CASE	991039997	73	nn	0.089685	0.103309	27.750000	0.011278
POS	3923	594
