CASE	991000124	19	nn	-0.043720	-0.062500	-2.312500	0.033854
CASE	991000184	81	nn	-0.018089	-0.016908	-8.625000	0.003889
CASE	991000204	17	nn	0.082413	0.125000	-4.562500	0.141919
CASE	991000314	38	nn	0.001122	0.000817	1.375000	0.001538
CASE	991000324	51	bb	0.026876	0.033141	5.625000	0.011929
CASE	991000334	60	nn	0.020513	0.026405	3.812500	0.007751
CASE	991000444	81	nn	-0.010983	-0.010097	-4.437500	0.013529
CASE	991000514	66	nn	-0.010067	-0.015677	1.312500	0.004446
CASE	991000674	55	bb	0.041402	0.053815	8.125000	0.007113
CASE	991000774	71	nn	0.019702	0.018397	9.125000	0.015650
CASE	991000874	83	nn	0.017128	0.018309	5.562500	0.009103
CASE	991000904	26	nn	-0.033085	-0.028416	-17.875000	0.002168
CASE	991000954	74	nn	-0.026505	-0.027621	-12.125000	0.006270
CASE	991001034	71	bb	-0.030108	-0.039749	-4.437500	0.010585
CASE	991001044	81	nn	0.000455	-0.002681	3.250000	0.006497
CASE	991001064	16	nn	-0.111498	-0.156250	-8.625000	0.128056
CASE	991001094	45	bb	-0.035673	-0.041203	-10.500000	0.030767
CASE	991001124	74	nn	0.007446	0.011327	-0.500000	0.012804
CASE	991001384	79	nn	-0.015831	-0.017356	-5.250000	0.014605
CASE	991001494	17	nn	0.029610	0.031250	11.000000	0.074406
CASE	991001544	64	nn	-0.018645	-0.017972	-10.875000	0.002838
CASE	991001734	81	mixed	-0.023963	-0.027355	-7.562500	0.022107
CASE	991001794	57	nn	-0.040313	-0.050905	-7.812500	0.012220
CASE	991001814	74	nn	-0.000540	0.001788	-2.312500	0.005659
CASE	991001974	67	nn	-0.052113	-0.061781	-14.000000	0.019624
CASE	991002024	29	nn	0.012718	0.014309	5.000000	0.000817
CASE	991002094	11	bb	-0.002055	0.000000	-2.875000	0.000423
CASE	991002134	54	nn	-0.004553	-0.002249	-2.312500	0.009888
CASE	991002164	81	nn	0.036526	0.035501	15.625000	0.025481
CASE	991002234	69	nn	0.020860	0.030482	0.750000	0.023690
CASE	991002244	76	nn	0.014012	0.012242	8.062500	0.007270
CASE	991002304	51	nn	0.017067	0.019831	4.812500	0.011700
CASE	991002564	53	nn	-0.090837	-0.106047	-27.250000	0.010552
CASE	991002634	38	mixed	-0.023425	-0.012325	-29.562500	0.001987
CASE	991002864	10	bb	0.001061	0.000000	-4.562500	0.001627
CASE	991002904	48	bb	-0.001569	-0.000545	-2.500000	0.003323
CASE	991002914	61	bb	-0.013606	-0.015220	-4.062500	0.018866
CASE	991002984	42	nn	-0.037806	-0.041492	-13.625000	0.007339
CASE	991003024	80	nn	-0.011844	-0.011353	-8.187500	0.011742
CASE	991003094	67	nn	-0.033995	-0.039690	-8.750000	0.017052
CASE	991003104	75	nn	-0.038997	-0.047290	-11.937500	0.009964
CASE	991003154	39	nn	0.031764	0.033113	12.375000	0.014055
CASE	991003204	6	bb	0.001240	0.000000	3.750000	0.000015
CASE	991003414	42	nn	-0.015551	-0.016413	-8.062500	0.000843
CASE	991003504	47	nn	0.006830	0.007086	2.562500	0.000332
CASE	991003514	58	nn	0.001356	0.004141	-1.875000	0.013380
CASE	991003674	45	nn	-0.017149	-0.015905	-10.750000	0.004435
CASE	991003684	52	nn	0.010132	0.010214	4.750000	0.000807
CASE	991003734	20	nn	0.093450	0.125000	11.750000	0.139804
CASE	991003874	74	bb	-0.033369	-0.042128	-6.250000	0.008403
CASE	991004044	70	nn	-0.008956	-0.011953	-0.562500	0.010788
CASE	991004184	39	bb	-0.016267	-0.018373	-5.125000	0.007851
CASE	991004274	44	bb	-0.032675	-0.044152	-4.437500	0.013014
CASE	991004334	18	bb	-0.008444	0.000000	-11.937500	0.000454
CASE	991004454	52	nn	0.031499	0.044191	2.750000	0.019003
CASE	991004464	63	nn	0.049658	0.054266	18.125000	0.003959
CASE	991004504	15	nn	0.122290	0.187500	-6.500000	0.090627
CASE	991004544	54	nn	0.013361	0.017963	1.937500	0.014300
CASE	991004564	75	nn	-0.009538	-0.008759	-5.250000	0.004269
CASE	991004634	58	nn	-0.002818	-0.003568	-0.625000	0.006732
CASE	991004674	15	bb	-0.008885	0.000000	-12.937500	0.000461
CASE	991004704	45	nn	-0.001763	-0.000599	-1.000000	0.003958
CASE	991004884	50	bb	0.024755	0.031600	4.500000	0.017303
CASE	991004954	36	nn	0.023006	0.027276	6.937500	0.024929
CASE	991005164	72	nn	0.003852	0.007165	-2.000000	0.009808
CASE	991005284	20	nn	-0.088196	-0.125000	-5.500000	0.133354
CASE	991005334	72	nn	-0.002504	-0.001814	-2.125000	0.002855
CASE	991005344	81	bb	-0.032965	-0.039836	-7.875000	0.015124
CASE	991005374	25	nn	-0.047058	-0.057524	-11.000000	0.025814
CASE	991005494	61	nn	0.004160	0.002125	3.375000	0.013352
CASE	991005514	79	nn	-0.010286	-0.012997	-4.250000	0.013699
CASE	991005614	7	bb	0.000522	0.000000	1.187500	0.000138
CASE	991005774	82	bb	0.001209	-0.001611	2.937500	0.009120
CASE	991005814	34	nn	-0.035158	-0.044172	-7.000000	0.013712
CASE	991005854	72	nn	0.001025	-0.003902	5.500000	0.014203
CASE	991005924	61	nn	-0.003852	-0.000194	-4.437500	0.009446
CASE	991006004	53	nn	-0.004559	0.001959	-8.937500	0.005508
CASE	991006014	63	bb	-0.004905	-0.005866	-1.437500	0.000406
CASE	991006034	80	nn	0.001575	-0.000963	2.562500	0.012957
CASE	991006244	35	nn	0.020521	0.023165	7.062500	0.005634
CASE	991006394	14	nn	-0.006377	0.000000	-14.125000	0.000760
CASE	991006424	45	nn	0.005420	0.008379	-0.812500	0.024582
CASE	991006444	61	nn	0.005364	0.004381	3.062500	0.018622
CASE	991006464	81	bb	0.053542	0.058969	18.625000	0.004679
CASE	991006474	6	nn	0.008068	0.000000	10.375000	0.000320
CASE	991006514	45	nn	-0.024208	-0.029190	-6.000000	0.016913
CASE	991006524	59	nn	-0.036929	-0.046426	-7.187500	0.002772
CASE	991006594	38	nn	0.008569	0.008320	4.125000	0.038672
CASE	991006764	41	nn	-0.038300	-0.051495	-4.625000	0.009005
CASE	991006774	50	nn	-0.000723	0.001304	-2.875000	0.002481
CASE	991006794	71	nn	-0.035639	-0.045732	-7.750000	0.017905
CASE	991006824	14	nn	0.136021	0.187500	13.500000	0.209930
CASE	991006954	59	nn	0.047922	0.055153	15.500000	0.013206
CASE	991007004	22	nn	0.003492	0.004444	0.562500	0.006510
CASE	991007164	10	nn	0.003860	0.000000	5.250000	0.000866
CASE	991007274	32	nn	0.000721	0.000134	2.062500	0.000016
CASE	991007304	62	nn	-0.027115	-0.034070	-5.437500	0.008019
CASE	991007324	81	nn	0.075481	0.085491	22.875000	0.015114
CASE	991007374	49	nn	0.022335	0.026838	5.312500	0.027994
CASE	991007444	33	nn	0.016800	0.008740	15.750000	0.001027
CASE	991007454	41	nn	0.038962	0.044276	12.000000	0.009333
CASE	991007474	63	nn	0.000067	0.001253	-0.750000	0.011430
CASE	991007574	74	nn	-0.060808	-0.073128	-14.750000	0.012945
CASE	991007724	54	nn	-0.021112	-0.023688	-6.562500	0.012457
CASE	991007794	38	bb	0.030300	0.035943	6.687500	0.010169
CASE	991007814	57	nn	-0.070726	-0.080258	-21.437500	0.022505
CASE	991007834	78	nn	-0.009652	-0.005709	-7.250000	0.010125
CASE	991007904	61	nn	-0.013139	-0.012856	-5.312500	0.005885
CASE	991008144	44	nn	-0.049306	-0.064672	-7.625000	0.021796
CASE	991008224	33	bb	-0.010247	-0.016078	6.062500	0.004694
CASE	991008244	55	nn	-0.035754	-0.038802	-12.187500	0.005025
CASE	991008264	78	nn	0.033626	0.039628	9.000000	0.010950
CASE	991008284	12	bb	0.084958	0.125000	0.875000	0.059342
CASE	991008354	83	nn	0.055327	0.061779	17.937500	0.011443
CASE	991008484	40	bb	-0.000023	-0.000309	0.000000	0.001816
CASE	991008494	50	nn	0.015923	0.009956	11.375000	0.008209
CASE	991008514	71	nn	-0.002252	-0.006370	5.500000	0.007637
CASE	991008554	25	nn	-0.006690	-0.005741	-3.937500	0.014973
CASE	991008604	73	nn	-0.000989	0.000889	-1.562500	0.018370
CASE	991008774	72	nn	0.028527	0.028991	12.375000	0.007891
CASE	991008824	37	nn	0.041374	0.054220	6.125000	0.013993
CASE	991008894	17	nn	0.000407	0.000000	2.875000	0.000602
CASE	991008954	81	nn	0.019758	0.026272	2.562500	0.008699
CASE	991009014	54	nn	-0.051133	-0.060704	-13.812500	0.020945
CASE	991009034	69	nn	0.007532	0.008898	1.437500	0.006941
CASE	991009104	54	bb	0.034180	0.042224	7.437500	0.006569
CASE	991009114	66	nn	-0.083030	-0.095567	-25.437500	0.017212
CASE	991009194	59	nn	-0.016074	-0.019071	-3.562500	0.010925
CASE	991009204	73	nn	-0.040958	-0.057333	-3.625000	0.029080
CASE	991009244	25	nn	-0.002679	-0.000055	-8.750000	0.000066
CASE	991009354	50	nn	0.013744	0.015733	5.937500	0.010846
CASE	991009514	38	nn	-0.013317	-0.008386	-13.687500	0.001215
CASE	991009554	75	bb	-0.040323	-0.045807	-12.562500	0.010033
CASE	991009604	41	nn	-0.010689	-0.013373	-2.500000	0.001452
CASE	991009934	27	nn	-0.015122	-0.015445	-6.875000	0.005541
CASE	991009954	45	nn	-0.073239	-0.087113	-18.750000	0.015192
CASE	991010074	81	bb	-0.011576	-0.010095	-5.812500	0.027227
CASE	991010114	35	nn	0.042844	0.048939	12.875000	0.027121
CASE	991010144	65	nn	0.018969	0.024393	4.062500	0.004297
CASE	991010234	71	nn	0.041376	0.049044	10.625000	0.027968
CASE	991010374	39	nn	0.019958	0.022812	5.562500	0.012265
CASE	991010404	65	bb	-0.043335	-0.055618	-5.750000	0.016450
CASE	991010494	71	nn	-0.031356	-0.034323	-10.875000	0.016466
CASE	991010504	79	nn	0.024906	0.026802	10.062500	0.013575
CASE	991010564	56	nn	0.040039	0.047947	12.625000	0.012559
CASE	991010744	62	bb	-0.000368	0.003318	-3.375000	0.011394
CASE	991010824	57	nn	0.012289	0.012495	5.000000	0.003366
CASE	991010834	67	nn	0.015473	0.013471	8.375000	0.029410
CASE	991010914	62	nn	0.051917	0.062626	12.437500	0.005617
CASE	991010954	14	nn	0.003575	0.000000	10.750000	0.074523
CASE	991011074	51	bb	0.015588	0.015357	6.687500	0.001448
CASE	991011094	68	nn	-0.012107	-0.009468	-8.625000	0.005025
CASE	991011174	61	bb	0.030263	0.035522	9.437500	0.007616
CASE	991011194	80	nn	0.034600	0.039503	11.500000	0.010683
CASE	991011364	83	nn	-0.022071	-0.018440	-13.062500	0.020839
CASE	991011474	21	nn	-0.132115	-0.187500	-8.750000	0.166748
CASE	991011524	66	nn	-0.004750	-0.004502	-2.250000	0.020738
CASE	991011564	20	nn	-0.002052	0.000000	-2.687500	0.135754
CASE	991011574	32	nn	0.011174	0.008980	6.500000	0.013670
CASE	991011634	8	nn	0.184934	0.250000	23.875000	0.106411
CASE	991011654	28	nn	0.075016	0.097363	12.812500	0.024267
CASE	991011674	46	nn	-0.064399	-0.075392	-17.687500	0.012929
CASE	991011764	48	bb	0.027516	0.031142	8.625000	0.009414
CASE	991011784	71	nn	0.050845	0.053241	28.375000	0.009736
CASE	991011824	25	nn	0.056339	0.064275	16.625000	0.011959
CASE	991011924	39	nn	-0.021659	-0.025665	-4.937500	0.015499
CASE	991011954	69	nn	0.029117	0.030638	10.687500	0.009049
CASE	991012024	51	nn	0.030777	0.034114	10.625000	0.006503
CASE	991012034	65	nn	-0.032681	-0.030757	-19.375000	0.013699
CASE	991012074	19	nn	0.058517	0.062500	25.812500	0.031705
CASE	991012084	28	bb	-0.070680	-0.079582	-23.187500	0.037906
CASE	991012134	73	nn	0.010636	0.010997	5.562500	0.009845
CASE	991012214	72	nn	-0.029241	-0.031952	-11.250000	0.001376
CASE	991012284	53	nn	-0.012950	-0.015262	-3.312500	0.002806
CASE	991012294	67	nn	0.090045	0.104959	27.562500	0.048900
CASE	991012304	77	nn	-0.002603	-0.003654	0.000000	0.018716
CASE	991012324	11	nn	-0.008464	0.000000	-11.062500	0.000351
CASE	991012464	62	nn	0.025828	0.026005	19.375000	0.013783
CASE	991012804	59	nn	-0.007555	-0.009601	-1.937500	0.035104
CASE	991012814	71	nn	-0.013270	-0.013975	-4.812500	0.005529
CASE	991012914	80	nn	0.021474	0.029245	2.250000	0.013813
CASE	991012924	9	bb	-0.107268	-0.156250	-3.937500	0.129153
CASE	991013044	41	nn	0.026158	0.031682	6.375000	0.009209
CASE	991013064	59	bb	-0.040486	-0.047979	-10.625000	0.005845
CASE	991013084	81	nn	-0.009102	-0.008130	-4.812500	0.009727
CASE	991013134	47	nn	-0.007546	-0.008484	-2.250000	0.005705
CASE	991013144	56	nn	0.016761	0.021749	2.875000	0.015148
CASE	991013154	67	nn	0.002592	-0.000498	5.750000	0.012592
CASE	991013254	79	nn	-0.018359	-0.019574	-7.312500	0.005138
CASE	991013424	79	nn	-0.031055	-0.040196	-4.125000	0.006993
CASE	991013514	81	nn	-0.056589	-0.062844	-17.625000	0.010474
CASE	991013544	21	nn	-0.003744	0.000000	-8.812500	0.000104
CASE	991013574	53	nn	-0.029192	-0.033627	-8.125000	0.008610
CASE	991013654	50	nn	0.015453	0.018718	3.687500	0.002518
CASE	991013914	52	nn	-0.016300	-0.020155	-3.687500	0.011634
CASE	991013974	23	nn	-0.006093	-0.003983	-5.500000	0.000690
CASE	991014174	52	bb	0.004218	0.005249	1.562500	0.002755
CASE	991014274	68	nn	-0.064290	-0.070674	-22.375000	0.020946
CASE	991014284	78	nn	0.034103	0.031986	16.125000	0.012425
CASE	991014324	33	nn	0.020516	0.019690	9.812500	0.007143
CASE	991014374	80	nn	-0.042970	-0.055707	-8.000000	0.013023
CASE	991014424	44	nn	-0.003573	-0.003446	-0.625000	0.002505
CASE	991014494	31	bb	-0.004294	-0.003746	-2.375000	0.014968
CASE	991014534	69	nn	-0.053768	-0.060821	-19.312500	0.010904
CASE	991014544	80	nn	0.007095	0.008609	1.250000	0.017586
CASE	991014574	24	mixed	0.018809	0.024365	4.187500	0.001302
CASE	991014614	65	nn	0.027481	0.033724	6.062500	0.016577
CASE	991014634	83	nn	0.021770	0.016472	13.312500	0.026182
CASE	991014664	28	nn	-0.002536	-0.002414	-1.437500	0.000097
CASE	991014704	63	nn	0.026220	0.043779	-4.312500	0.036290
CASE	991014974	80	nn	0.001894	0.007955	-5.375000	0.011145
CASE	991015034	53	nn	-0.017831	-0.022047	-4.937500	0.008900
CASE	991015084	18	nn	-0.040834	-0.062500	0.937500	0.102388
CASE	991015114	49	nn	0.024056	0.028171	6.875000	0.017078
CASE	991015304	66	nn	-0.012347	-0.012926	-4.875000	0.001091
CASE	991015404	80	nn	-0.033088	-0.037803	-9.437500	0.007661
CASE	991015464	53	nn	0.003862	0.001131	7.500000	0.007551
CASE	991015534	39	nn	0.013290	0.016132	4.062500	0.012770
CASE	991015694	22	nn	0.008028	0.005916	4.875000	0.004259
CASE	991015704	31	nn	0.002485	0.001610	2.500000	0.000413
CASE	991016044	28	nn	0.074978	0.089022	20.250000	0.026897
CASE	991016054	41	nn	-0.044556	-0.054680	-9.875000	0.018034
CASE	991016124	26	nn	0.003839	0.004578	1.562500	0.003637
CASE	991016134	36	nn	0.036630	0.038840	15.437500	0.002765
CASE	991016164	66	nn	0.048067	0.044519	26.437500	0.020858
CASE	991016174	74	nn	-0.000421	0.007547	-8.375000	0.002906
CASE	991016244	59	nn	-0.048757	-0.058930	-11.250000	0.012229
CASE	991016304	34	mixed	0.033405	0.061249	-10.937500	0.019308
CASE	991016324	52	bb	0.043872	0.046985	22.125000	0.006678
CASE	991016344	74	nn	-0.048503	-0.056704	-13.625000	0.014515
CASE	991016494	50	bb	-0.005446	-0.004357	-4.062500	0.000547
CASE	991016514	72	nn	0.015834	0.022978	0.250000	0.016388
CASE	991016934	63	nn	0.025529	0.026092	13.937500	0.008311
CASE	991016954	80	nn	0.007174	0.005490	4.437500	0.008736
CASE	991017034	73	nn	-0.001814	-0.002497	0.375000	0.035868
CASE	991017064	20	nn	0.001017	0.000000	-1.750000	0.001310
CASE	991017134	2	nn	0.014592	0.000000	18.062500	0.000049
CASE	991017164	34	nn	-0.002029	0.001388	-5.937500	0.000444
CASE	991017364	62	nn	0.001663	0.000735	1.437500	0.001184
CASE	991017374	73	nn	0.015631	0.016424	8.375000	0.006642
CASE	991017454	67	bb	-0.028668	-0.035069	-6.437500	0.008253
CASE	991017674	26	nn	0.016681	0.019162	5.187500	0.009519
CASE	991017764	33	nn	-0.034879	-0.044920	-5.625000	0.018264
CASE	991017954	47	bb	-0.015999	-0.018411	-5.062500	0.007202
CASE	991018044	54	nn	0.026050	0.024460	12.687500	0.005115
CASE	991018054	65	nn	0.006624	0.009544	0.312500	0.003095
CASE	991018094	19	nn	-0.001329	0.000000	-3.687500	0.139128
CASE	991018134	53	nn	-0.008057	-0.009212	-3.812500	0.004041
CASE	991018154	79	nn	0.007998	0.006191	5.937500	0.004771
CASE	991018314	66	nn	0.000645	0.004271	-2.375000	0.025550
CASE	991018394	61	nn	-0.040524	-0.050387	-8.875000	0.011059
CASE	991018504	82	nn	0.027989	0.030790	9.000000	0.006341
CASE	991018574	68	nn	-0.046352	-0.053275	-15.750000	0.014103
CASE	991018884	32	nn	0.009320	0.007188	6.125000	0.000458
CASE	991018914	62	nn	-0.042168	-0.049011	-13.062500	0.033530
CASE	991019014	75	nn	0.003058	-0.000496	3.687500	0.009580
CASE	991019214	20	nn	-0.008915	0.000000	-15.187500	0.000744
CASE	991019364	81	mixed	-0.006742	0.003623	-11.000000	0.035906
CASE	991019414	49	nn	0.007557	0.008287	3.375000	0.021921
CASE	991019534	81	bb	-0.028216	-0.029389	-10.562500	0.015080
CASE	991019554	16	nn	-0.004159	0.000000	-6.062500	0.001097
CASE	991019704	81	nn	0.000753	-0.001580	2.625000	0.010008
CASE	991019734	22	nn	-0.007411	0.001840	-11.125000	0.009696
CASE	991019814	13	bb	-0.000507	0.000000	-0.812500	0.000002
CASE	991019844	47	nn	-0.002224	-0.008093	5.000000	0.011451
CASE	991019854	56	bb	-0.010400	-0.012573	-2.000000	0.010753
CASE	991019864	68	nn	-0.015708	-0.021432	-0.562500	0.016901
CASE	991020334	23	bb	-0.026618	-0.037211	-2.312500	0.004345
CASE	991020374	58	nn	0.009334	0.007010	6.437500	0.009643
CASE	991020434	35	nn	0.023289	0.027657	7.062500	0.008175
CASE	991020654	79	nn	0.006689	0.007987	2.937500	0.013775
CASE	991020694	36	nn	-0.001024	-0.003939	1.875000	0.017159
CASE	991020824	79	nn	-0.005123	-0.009774	2.812500	0.011480
CASE	991020844	17	nn	-0.007753	0.000000	-9.687500	0.000610
CASE	991020854	27	nn	0.071577	0.077641	25.437500	0.033214
CASE	991020874	44	nn	-0.042406	-0.044226	-22.312500	0.009826
CASE	991020964	50	nn	0.017167	0.016505	10.875000	0.003888
CASE	991020974	60	nn	0.012060	0.009335	7.500000	0.017148
CASE	991021014	14	nn	0.003979	0.000000	7.625000	0.000844
CASE	991021084	79	nn	-0.017018	-0.018712	-8.625000	0.009954
CASE	991021244	72	nn	-0.022966	-0.025427	-11.000000	0.011551
CASE	991021454	25	nn	-0.017533	-0.021732	-5.000000	0.006750
CASE	991021534	18	nn	-0.004854	0.000000	-7.312500	0.000320
CASE	991021594	74	nn	-0.010203	-0.009161	-7.375000	0.014982
CASE	991021674	69	nn	-0.001505	0.000380	-2.562500	0.001374
CASE	991021764	76	nn	0.038660	0.050699	5.437500	0.025688
CASE	991021784	8	bb	-0.004012	0.000000	-7.000000	0.000139
CASE	991021804	30	nn	0.005550	0.004255	3.562500	0.004323
CASE	991021874	13	nn	0.074485	0.093750	15.375000	0.038275
CASE	991021924	64	mixed	-0.040778	-0.043843	-14.625000	0.010041
CASE	991022024	76	nn	0.016466	0.021462	4.437500	0.005311
CASE	991022104	72	nn	0.036434	0.047117	6.125000	0.008101
CASE	991022284	79	nn	-0.046861	-0.052443	-15.562500	0.017238
CASE	991022314	23	bb	-0.044769	-0.060107	-5.437500	0.022256
CASE	991022354	61	nn	-0.062864	-0.069318	-21.125000	0.021337
CASE	991022364	73	nn	-0.010493	-0.011901	-4.125000	0.015863
CASE	991022374	81	nn	0.006152	0.005330	3.812500	0.011155
CASE	991022404	29	bb	-0.013216	-0.013361	-5.500000	0.000966
CASE	991022424	44	bb	-0.009583	-0.008829	-5.187500	0.027220
CASE	991022534	73	nn	-0.029499	-0.034800	-8.000000	0.009939
CASE	991022594	47	nn	-0.007057	-0.004112	-9.312500	0.001923
CASE	991022604	56	nn	-0.011013	-0.006662	-8.937500	0.015630
CASE	991022684	46	nn	0.023075	0.029126	5.562500	0.006002
CASE	991022794	73	nn	-0.006206	-0.002179	-6.562500	0.017882
CASE	991022854	49	nn	-0.055031	-0.070604	-10.562500	0.016803
CASE	991022874	68	nn	-0.011412	-0.012159	-4.500000	0.009668
CASE	991022924	32	nn	-0.037827	-0.045776	-9.062500	0.019785
CASE	991022974	81	nn	-0.048086	-0.053069	-14.062500	0.012481
CASE	991023034	53	bb	-0.003276	-0.003470	-1.500000	0.005223
CASE	991023044	63	nn	-0.001804	0.000111	-3.312500	0.006387
CASE	991023124	58	bb	-0.039880	-0.046531	-13.312500	0.007630
CASE	991023144	79	nn	0.050174	0.055816	19.375000	0.009270
CASE	991023164	15	nn	0.001265	0.000000	1.750000	0.000026
CASE	991023234	81	nn	0.006551	0.006639	3.125000	0.018871
CASE	991023354	33	nn	0.058847	0.069281	16.000000	0.028594
CASE	991023474	65	nn	-0.028829	-0.033450	-10.062500	0.009331
CASE	991023484	75	bb	-0.009114	-0.012683	-0.937500	0.003769
CASE	991023794	43	bb	0.001970	0.000068	7.187500	0.000119
CASE	991023984	58	nn	-0.044769	-0.049185	-14.875000	0.019431
CASE	991024004	81	bb	-0.001778	0.002190	-4.125000	0.002722
CASE	991024064	53	nn	-0.035554	-0.042638	-9.375000	0.008228
CASE	991024084	74	nn	-0.012202	-0.014846	-4.125000	0.006908
CASE	991024124	28	bb	0.001636	0.000597	2.125000	0.000050
CASE	991024234	51	nn	-0.008170	-0.006132	-5.062500	0.004838
CASE	991024264	82	nn	0.004592	-0.001521	6.812500	0.008106
CASE	991024314	41	nn	0.033731	0.037741	13.000000	0.006258
CASE	991024404	48	nn	0.031158	0.023795	19.125000	0.007239
CASE	991024424	71	mixed	0.026740	0.028859	9.187500	0.013479
CASE	991024494	49	nn	-0.013461	-0.014375	-7.875000	0.006504
CASE	991024574	45	nn	-0.031370	-0.041507	-4.937500	0.016369
CASE	991024734	37	nn	-0.018254	-0.014681	-11.250000	0.017413
CASE	991024864	81	nn	-0.045493	-0.044713	-19.312500	0.016239
CASE	991024994	37	nn	0.052203	0.066199	10.062500	0.014505
CASE	991025024	63	nn	0.050812	0.058852	14.500000	0.010469
CASE	991025034	75	nn	-0.019787	-0.024428	-5.500000	0.006028
CASE	991025084	42	nn	0.011407	0.013988	2.687500	0.029196
CASE	991025204	76	nn	-0.017442	-0.017211	-8.062500	0.019708
CASE	991025264	46	nn	0.002742	-0.000391	5.437500	0.008848
CASE	991025274	60	nn	-0.004014	-0.007642	0.500000	0.013673
CASE	991025404	19	bb	-0.001234	0.000000	-1.687500	0.000078
CASE	991025464	79	nn	-0.005181	-0.004619	-2.500000	0.004759
CASE	991025504	33	nn	-0.021375	-0.024172	-3.125000	0.005281
CASE	991025604	44	nn	-0.038225	-0.050301	-5.000000	0.027181
CASE	991025614	54	nn	0.010232	0.011159	2.750000	0.011763
CASE	991025634	75	nn	0.035145	0.039421	11.250000	0.022581
CASE	991025854	38	nn	-0.019310	-0.025326	-3.062500	0.016935
CASE	991025874	58	nn	0.000507	0.000448	0.250000	0.000639
CASE	991026064	75	nn	-0.009981	-0.011603	-2.875000	0.010739
CASE	991026084	10	bb	0.003388	0.000000	7.000000	0.000136
CASE	991026204	45	nn	-0.002699	-0.006264	2.062500	0.018595
CASE	991026384	51	bb	0.026475	0.032018	6.437500	0.008326
CASE	991026444	25	nn	0.020744	0.022170	6.687500	0.016546
CASE	991026554	47	nn	-0.025736	-0.029397	-7.625000	0.008629
CASE	991026644	54	mixed	-0.014811	-0.008021	-12.062500	0.017269
CASE	991026664	75	nn	-0.038762	-0.044144	-11.937500	0.009408
CASE	991026744	67	nn	-0.008810	-0.008635	-3.812500	0.006068
CASE	991026754	77	nn	-0.001103	0.002898	-3.812500	0.003532
CASE	991026774	11	nn	0.102489	0.125000	26.937500	0.126103
CASE	991026794	32	nn	-0.033134	-0.030362	-20.625000	0.005542
CASE	991026984	49	nn	-0.026262	-0.030904	-7.937500	0.007381
CASE	991026994	61	nn	-0.000388	0.001404	-3.062500	0.006056
CASE	991027094	72	nn	-0.065031	-0.072700	-22.312500	0.036024
CASE	991027124	19	bb	-0.041500	-0.062500	0.375000	0.029001
CASE	991027294	11	bb	0.003804	0.000000	5.500000	0.000281
CASE	991027334	56	bb	-0.044321	-0.048516	-15.250000	0.008493
CASE	991027354	74	bb	0.016763	0.018822	5.250000	0.009136
CASE	991027404	40	bb	0.000000	0.000000	0.000000	0.000000
CASE	991027444	79	nn	0.026186	0.028895	10.250000	0.029826
CASE	991027484	34	nn	-0.006946	-0.017106	5.187500	0.021518
CASE	991027524	69	nn	-0.028152	-0.024452	-14.437500	0.012265
CASE	991027534	80	bb	-0.024754	-0.026952	-7.937500	0.009262
CASE	991027644	21	nn	0.096697	0.125000	18.000000	0.061506
CASE	991027674	47	nn	-0.023773	-0.029207	-5.125000	0.011738
CASE	991027774	65	nn	0.011153	0.014548	1.500000	0.010512
CASE	991027784	77	bb	0.011265	0.010219	5.750000	0.015631
CASE	991027864	67	nn	-0.020840	-0.023445	-5.625000	0.011827
CASE	991027884	5	nn	-0.053925	-0.062500	-16.250000	0.034895
CASE	991028084	28	nn	-0.116089	-0.145165	-24.875000	0.036654
CASE	991028134	79	nn	0.005399	0.005351	2.250000	0.004863
CASE	991028284	57	nn	-0.010352	-0.016407	0.875000	0.001967
CASE	991028544	60	bb	0.009331	0.005735	6.625000	0.014442
CASE	991028564	79	nn	-0.037275	-0.039673	-15.375000	0.010195
CASE	991028624	53	nn	0.019346	0.023089	6.562500	0.028774
CASE	991028684	29	nn	-0.025503	-0.032290	-5.125000	0.005356
CASE	991028734	79	bb	-0.023157	-0.025860	-7.500000	0.013644
CASE	991028824	80	nn	-0.060225	-0.071517	-16.000000	0.013199
CASE	991028854	26	bb	0.003788	0.000150	5.937500	0.000136
CASE	991028864	38	nn	0.003602	0.000687	5.750000	0.000783
CASE	991028954	39	nn	0.011787	0.014031	3.000000	0.015680
CASE	991029074	74	nn	0.008835	0.008843	3.562500	0.001426
CASE	991029164	80	bb	0.000940	0.000729	0.687500	0.017781
CASE	991029234	64	mixed	-0.006155	-0.011870	2.125000	0.017017
CASE	991029344	2	nn	0.126680	0.187500	2.000000	0.078055
CASE	991029394	53	mixed	0.043057	0.050839	17.000000	0.014762
CASE	991029424	81	nn	-0.012162	-0.008529	-10.000000	0.003851
CASE	991029474	44	nn	-0.003367	-0.004945	-0.250000	0.000740
CASE	991029584	70	nn	-0.012010	-0.009216	-7.625000	0.014401
CASE	991029594	79	nn	-0.031465	-0.033990	-10.437500	0.011923
CASE	991029614	13	nn	-0.002804	0.000000	-5.187500	0.000466
CASE	991029684	83	bb	0.016912	0.018622	6.187500	0.016355
CASE	991029734	43	nn	-0.060184	-0.069119	-19.250000	0.014223
CASE	991029804	30	nn	-0.016202	-0.006524	-25.437500	0.000773
CASE	991029854	83	nn	0.046775	0.054066	13.625000	0.004101
CASE	991030064	35	nn	-0.007574	-0.006538	-5.062500	0.018866
CASE	991030104	74	bb	0.000288	-0.000576	0.937500	0.018277
CASE	991030174	58	nn	-0.033175	-0.039748	-9.687500	0.007882
CASE	991030284	81	nn	-0.046307	-0.047005	-19.500000	0.015101
CASE	991030344	52	bb	0.001194	-0.005194	5.812500	0.009502
CASE	991030434	56	nn	0.047557	0.059781	8.937500	0.012311
CASE	991030454	81	nn	-0.048577	-0.054690	-15.125000	0.009322
CASE	991030524	65	bb	-0.021579	-0.017818	-12.500000	0.012769
CASE	991030534	71	nn	-0.006936	-0.008293	-1.812500	0.004836
CASE	991030574	25	nn	0.078583	0.092906	25.375000	0.016504
CASE	991030594	49	nn	-0.027041	-0.024339	-14.875000	0.007141
CASE	991030624	75	nn	-0.012139	-0.012355	-5.250000	0.003733
CASE	991030764	42	bb	-0.002989	0.000534	-4.062500	0.004026
CASE	991030814	11	nn	-0.091470	-0.125000	-9.625000	0.061419
CASE	991030864	60	nn	-0.022898	-0.026143	-6.562500	0.008237
CASE	991030974	82	bb	0.057585	0.065377	17.437500	0.008686
CASE	991031094	31	bb	-0.000855	-0.000615	-0.500000	0.000013
CASE	991031144	81	nn	0.046175	0.055607	11.875000	0.018575
CASE	991031264	30	nn	0.000982	0.005453	-4.750000	0.015775
CASE	991031294	57	nn	0.008231	0.004199	6.750000	0.015638
CASE	991031404	80	nn	0.005911	0.011152	-1.000000	0.014404
CASE	991031544	53	nn	0.032693	0.036411	12.250000	0.009553
CASE	991031624	47	nn	0.013358	0.018279	2.625000	0.008746
CASE	991031634	52	nn	-0.023340	-0.027970	-6.625000	0.016910
CASE	991031744	81	nn	-0.017236	-0.018966	-6.250000	0.012666
CASE	991031754	4	bb	-0.044419	-0.062500	-3.125000	0.031486
CASE	991031784	30	nn	-0.004583	-0.001508	-8.125000	0.000247
CASE	991031824	71	nn	0.038397	0.047466	8.375000	0.010123
CASE	991031834	80	nn	-0.027210	-0.027472	-14.125000	0.014881
CASE	991031854	18	nn	-0.003836	0.000000	-8.437500	0.000096
CASE	991031904	65	bb	-0.005027	-0.002587	-4.187500	0.002746
CASE	991032124	26	nn	-0.017216	-0.020335	-5.500000	0.002766
CASE	991032214	33	nn	-0.024097	-0.030904	-3.875000	0.011444
CASE	991032254	69	bb	-0.035445	-0.041069	-10.875000	0.017137
CASE	991032294	23	nn	0.008971	0.011973	1.187500	0.001288
CASE	991032344	78	nn	0.069204	0.077690	21.375000	0.018801
CASE	991032644	31	nn	-0.000798	-0.001785	0.687500	0.000198
CASE	991032674	61	bb	-0.010104	-0.010105	-4.500000	0.002842
CASE	991032694	79	bb	-0.033363	-0.038930	-9.875000	0.018176
CASE	991032714	18	nn	-0.006740	0.000000	-8.125000	0.195257
CASE	991032854	68	bb	-0.003558	-0.004344	-0.625000	0.005988
CASE	991033074	32	bb	-0.035328	-0.040546	-11.187500	0.015727
CASE	991033094	55	nn	0.060551	0.070297	17.375000	0.009590
CASE	991033114	75	nn	-0.026418	-0.036804	-2.625000	0.009325
CASE	991033124	81	nn	0.054940	0.063193	16.250000	0.021689
CASE	991033264	53	nn	-0.014980	-0.018316	-4.125000	0.007451
CASE	991033314	13	nn	-0.011572	0.000000	-22.437500	0.001715
CASE	991033354	56	bb	-0.002950	-0.003232	-1.250000	0.000047
CASE	991033364	67	nn	-0.012808	-0.014909	-3.437500	0.008287
CASE	991033414	25	nn	0.000332	-0.003246	5.375000	0.001866
CASE	991033444	56	nn	0.054535	0.061233	17.000000	0.012356
CASE	991033454	71	nn	0.005300	0.006295	3.562500	0.030687
CASE	991033554	81	bb	-0.007699	-0.009077	-2.562500	0.010578
CASE	991033594	33	nn	-0.005320	-0.004829	-2.625000	0.000444
CASE	991033634	78	bb	0.028498	0.031982	8.937500	0.007299
CASE	991033684	39	nn	-0.041100	-0.053997	-7.000000	0.017412
CASE	991033724	79	nn	0.022066	0.025108	8.062500	0.002439
CASE	991033774	45	mixed	-0.052700	-0.054169	-20.937500	0.022078
CASE	991033804	75	nn	0.004840	0.001709	5.500000	0.016921
CASE	991033854	40	nn	0.052112	0.061305	14.250000	0.020262
CASE	991033874	60	bb	-0.037799	-0.042650	-11.750000	0.008612
CASE	991033964	65	bb	0.001426	-0.000379	3.937500	0.011183
CASE	991034024	37	nn	0.011325	0.000790	13.875000	0.029665
CASE	991034034	45	nn	0.071358	0.087071	16.000000	0.007578
CASE	991034144	72	nn	0.013907	0.015069	6.000000	0.021866
CASE	991034154	82	nn	0.054229	0.063690	14.375000	0.011322
CASE	991034194	35	nn	-0.003040	-0.002308	-2.562500	0.031097
CASE	991034314	69	nn	-0.000808	-0.002668	1.437500	0.001402
CASE	991034344	13	nn	-0.091294	-0.125000	-11.250000	0.124237
CASE	991034404	73	nn	-0.019181	-0.019971	-7.187500	0.006485
CASE	991034464	49	nn	0.002212	0.007757	-3.812500	0.014038
CASE	991034534	28	nn	-0.021060	-0.031243	-0.500000	0.005682
CASE	991034604	13	nn	0.132031	0.187500	8.750000	0.142001
CASE	991034724	48	nn	-0.008694	-0.013899	0.750000	0.027440
CASE	991034804	45	bb	-0.009311	-0.010475	-2.812500	0.001756
CASE	991034834	73	nn	0.003345	0.001551	1.687500	0.007415
CASE	991034844	79	nn	-0.029317	-0.032153	-12.625000	0.005974
CASE	991034964	33	nn	0.012066	0.006492	15.375000	0.000759
CASE	991034994	63	nn	0.077867	0.093200	19.812500	0.025097
CASE	991035064	45	mixed	-0.007327	-0.004853	-6.750000	0.005701
CASE	991035124	21	nn	-0.018756	0.000000	-34.625000	0.000749
CASE	991035144	39	nn	0.016425	0.016654	8.312500	0.002461
CASE	991035314	35	nn	0.012160	0.015442	3.750000	0.005782
CASE	991035324	46	nn	-0.029755	-0.030863	-10.687500	0.015190
CASE	991035334	58	nn	-0.031611	-0.031516	-16.750000	0.004816
CASE	991035344	66	mixed	0.008359	0.016594	-3.187500	0.006824
CASE	991035354	78	nn	0.018387	0.022579	2.375000	0.023624
CASE	991035524	76	nn	0.017226	0.015624	9.500000	0.011151
CASE	991035594	59	nn	-0.020978	-0.030098	-0.687500	0.015939
CASE	991035604	71	nn	-0.011402	-0.008509	-6.937500	0.025238
CASE	991035714	8	bb	0.001607	0.000000	2.125000	0.000147
CASE	991035864	72	nn	-0.008635	-0.011954	0.437500	0.019790
CASE	991036124	72	nn	-0.027252	-0.031513	-7.687500	0.008070
CASE	991036214	74	nn	0.026287	0.032754	5.687500	0.018855
CASE	991036294	71	nn	-0.028150	-0.034783	-5.562500	0.005681
CASE	991036344	33	nn	-0.000180	0.000220	-0.437500	0.000001
CASE	991036474	81	nn	-0.033735	-0.034274	-15.750000	0.011093
CASE	991036504	24	nn	-0.007419	0.000434	-15.687500	0.000469
CASE	991036644	78	nn	-0.029164	-0.029883	-10.187500	0.013915
CASE	991036694	42	nn	0.001640	-0.004186	8.687500	0.000956
CASE	991036884	61	nn	0.000671	0.001452	-1.750000	0.013826
CASE	991036944	31	nn	-0.002199	-0.007593	4.375000	0.000376
CASE	991036964	55	nn	0.022798	0.032635	1.312500	0.016989
CASE	991037054	58	nn	-0.031327	-0.041774	-4.437500	0.005614
CASE	991037074	77	bb	-0.042019	-0.051318	-9.312500	0.012330
CASE	991037154	70	nn	-0.010056	-0.016641	2.500000	0.007485
CASE	991037234	67	mixed	0.018366	0.027416	-0.062500	0.017727
CASE	991037294	40	bb	-0.027974	-0.030815	-12.437500	0.004349
CASE	991037324	69	nn	-0.034312	-0.034855	-16.750000	0.014045
CASE	991037424	84	nn	0.060898	0.076170	14.625000	0.016880
CASE	991037674	75	nn	-0.012214	-0.010861	-6.062500	0.008424
CASE	991037754	69	nn	-0.030317	-0.032055	-11.125000	0.019869
CASE	991037854	80	nn	0.003448	0.006440	-0.437500	0.018656
CASE	991037884	23	bb	-0.001856	-0.000002	-10.250000	0.000021
CASE	991037914	59	nn	-0.047761	-0.057906	-12.062500	0.008800
CASE	991037924	67	nn	-0.019819	-0.021763	-6.937500	0.007823
CASE	991037984	37	bb	0.007631	0.008703	2.312500	0.004622
CASE	991038134	21	bb	-0.094790	-0.125000	-14.437500	0.069759
CASE	991038174	59	nn	0.002627	-0.002759	7.750000	0.001639
CASE	991038264	64	nn	-0.050242	-0.062391	-11.187500	0.016864
CASE	991038364	79	nn	0.054172	0.059793	18.687500	0.013656
CASE	991038504	43	nn	0.041256	0.061163	1.125000	0.013648
CASE	991038614	67	nn	-0.025412	-0.028191	-8.250000	0.008629
CASE	991038664	35	nn	-0.006978	-0.010475	1.000000	0.021413
CASE	991038814	10	bb	0.000964	0.000000	1.312500	0.000009
CASE	991038854	53	nn	0.028545	0.034266	6.875000	0.007214
CASE	991039034	55	bb	0.016764	0.017791	5.750000	0.004769
CASE	991039144	81	nn	-0.048564	-0.054178	-16.625000	0.012299
CASE	991039224	78	bb	0.001120	-0.001343	2.812500	0.006448
CASE	991039384	66	nn	-0.032365	-0.031686	-15.000000	0.012915
CASE	991039534	44	nn	-0.029061	-0.037872	-3.687500	0.048966
CASE	991039544	51	nn	0.002377	-0.000042	2.875000	0.008763
CASE	991039644	69	nn	0.005522	0.003589	4.000000	0.012099
CASE	991039714	49	nn	-0.041428	-0.050312	-9.687500	0.016007
CASE	991039784	34	bb	0.009777	0.004924	13.250000	0.002324
CASE	991039824	76	nn	0.020249	0.024862	3.437500	0.018909
CASE	991039884	51	nn	0.067046	0.073510	22.687500	0.019718
CASE	991039894	61	nn	-0.060838	-0.076765	-12.062500	0.031576
CASE	991039984	63	bb	0.053146	0.065237	11.937500	0.023143
POS	3893	542
