CASE	991000001	70	nn	0.010944	0.010122	5.937500	0.018317
CASE	991000061	44	nn	0.034675	0.034518	16.687500	0.012609
CASE	991000081	66	nn	0.019347	0.019885	7.750000	0.017168
CASE	991000211	22	nn	0.029754	0.027671	14.000000	0.020467
CASE	991000261	73	nn	0.058717	0.070321	16.812500	0.004385
CASE	991000271	79	nn	0.042605	0.049183	13.750000	0.009488
CASE	991000291	18	nn	0.033560	0.062500	-14.500000	0.038339
CASE	991000411	52	nn	0.006919	0.007676	0.375000	0.002889
CASE	991000421	60	nn	0.024699	0.032812	4.062500	0.020861
CASE	991000441	79	nn	0.006006	0.007355	2.812500	0.006052
CASE	991000551	20	bb	0.091401	0.125000	10.000000	0.063029
CASE	991000601	68	nn	-0.030986	-0.047670	1.375000	0.016857
CASE	991000651	31	nn	0.048945	0.061795	9.875000	0.020866
CASE	991000731	27	nn	0.018584	0.017843	9.312500	0.001221
CASE	991000861	69	nn	-0.016392	-0.014446	-8.250000	0.013492
CASE	991000901	26	nn	-0.033421	-0.041962	-6.937500	0.006153
CASE	991000941	60	nn	-0.007789	-0.010644	-1.000000	0.003631
CASE	991001001	38	nn	-0.017927	-0.019408	-8.062500	0.003850
CASE	991001071	22	nn	0.107255	0.123760	30.187500	0.034147
CASE	991001111	64	nn	0.033088	0.040254	8.375000	0.025121
CASE	991001131	79	nn	0.023778	0.026391	10.500000	0.007212
CASE	991001181	42	bb	-0.001880	-0.004694	1.562500	0.003524
CASE	991001391	86	nn	-0.016312	-0.019894	-4.250000	0.007660
CASE	991001511	33	nn	-0.039893	-0.039951	-17.000000	0.005529
CASE	991001551	73	nn	-0.004807	-0.003413	-2.250000	0.022236
CASE	991001571	3	nn	0.007875	0.000000	19.625000	0.000477
CASE	991001791	54	bb	0.002099	0.001980	0.937500	0.000061
CASE	991001891	68	nn	-0.006742	-0.004393	-4.437500	0.017233
CASE	991001971	62	bb	-0.006616	-0.008661	-0.562500	0.007624
CASE	991001991	79	nn	0.004964	0.012964	-5.812500	0.005334
CASE	991002051	56	nn	0.013593	0.020335	0.250000	0.014851
CASE	991002061	68	nn	0.000429	-0.002556	3.687500	0.014291
CASE	991002331	74	nn	-0.015687	-0.017616	-6.312500	0.006704
CASE	991002411	74	nn	-0.021787	-0.024159	-8.250000	0.023487
CASE	991002421	80	nn	0.003549	0.004711	1.375000	0.034065
CASE	991002441	18	nn	-0.140638	-0.187500	-21.062500	0.092820
CASE	991002491	62	nn	-0.073183	-0.082604	-22.375000	0.018220
CASE	991002501	76	nn	-0.001749	-0.000050	-3.312500	0.010928
CASE	991002591	82	nn	0.046418	0.054930	12.187500	0.017837
CASE	991002641	42	nn	0.000019	0.001055	1.687500	0.010218
CASE	991002671	74	nn	0.030256	0.031599	11.875000	0.012363
CASE	991002681	86	bb	-0.012662	-0.015874	-0.937500	0.006937
CASE	991002741	59	nn	-0.014507	-0.017357	-3.000000	0.012675
CASE	991002921	67	nn	-0.014420	-0.020305	-1.062500	0.008192
CASE	991002961	16	bb	0.078159	0.125000	-10.562500	0.061358
CASE	991002971	31	nn	-0.021340	-0.019047	-14.000000	0.000787
CASE	991003041	15	nn	-0.084334	-0.125000	-0.937500	0.125304
CASE	991003061	34	nn	0.002460	0.003534	0.125000	0.025929
CASE	991003071	42	nn	-0.049793	-0.055038	-16.562500	0.004168
CASE	991003111	86	nn	-0.000303	-0.000187	-0.562500	0.014634
CASE	991003151	37	nn	-0.030997	-0.030814	-17.062500	0.014443
CASE	991003161	50	bb	-0.002198	-0.000726	-2.562500	0.004061
CASE	991003411	40	nn	0.008233	0.006646	8.000000	0.000443
CASE	991003421	50	nn	0.042786	0.049473	12.937500	0.013810
CASE	991003451	76	nn	-0.020351	-0.029093	-1.937500	0.009023
CASE	991003491	31	nn	-0.029154	-0.035189	-7.437500	0.006518
CASE	991003511	55	nn	-0.029925	-0.036897	-5.750000	0.011378
CASE	991003591	49	bb	-0.006227	-0.003442	-4.000000	0.002492
CASE	991003601	59	nn	-0.027627	-0.040665	-1.062500	0.006448
CASE	991003661	33	nn	0.007929	0.003005	10.750000	0.001453
CASE	991003701	72	nn	-0.003861	-0.009279	2.562500	0.011494
CASE	991003731	15	nn	-0.068165	-0.093750	-7.062500	0.178841
CASE	991003791	75	nn	-0.047943	-0.053077	-16.500000	0.014300
CASE	991003821	22	nn	0.006292	0.009099	-0.312500	0.010956
CASE	991003881	82	nn	0.037251	0.043203	10.812500	0.012682
CASE	991003931	43	bb	-0.017574	-0.021635	-3.875000	0.002172
CASE	991003971	86	bb	0.036137	0.040042	12.000000	0.004272
CASE	991004051	79	nn	-0.012776	-0.014578	-4.687500	0.008357
CASE	991004091	34	nn	0.001005	-0.000055	1.250000	0.008942
CASE	991004131	74	nn	-0.009397	-0.010425	-3.437500	0.019514
CASE	991004231	2	nn	0.006687	0.000000	9.187500	0.000027
CASE	991004411	7	bb	-0.000138	0.000000	-0.187500	0.000000
CASE	991004611	37	nn	0.004078	0.002889	4.562500	0.000405
CASE	991004791	43	nn	-0.027852	-0.032540	-7.562500	0.011369
CASE	991004821	70	nn	-0.015448	-0.018026	-3.875000	0.005544
CASE	991004831	86	nn	0.068661	0.077102	22.062500	0.010187
CASE	991004881	44	nn	0.081113	0.097870	19.562500	0.025713
CASE	991005001	82	bb	-0.002972	-0.003194	-1.437500	0.016943
CASE	991005021	16	bb	0.019483	0.031250	-2.000000	0.109342
CASE	991005031	26	nn	-0.001225	-0.004936	2.500000	0.020593
CASE	991005081	76	nn	-0.052587	-0.063682	-12.937500	0.008541
CASE	991005131	42	bb	0.000970	0.000538	0.875000	0.001867
CASE	991005151	57	nn	0.042575	0.049779	11.937500	0.032336
CASE	991005161	67	nn	0.033244	0.037519	10.062500	0.016147
CASE	991005241	66	nn	-0.040476	-0.052698	-6.437500	0.019254
CASE	991005381	32	nn	0.043146	0.047437	17.562500	0.022720
CASE	991005471	37	nn	-0.023803	-0.028392	-7.500000	0.008013
CASE	991005561	42	nn	0.000516	0.001311	-2.750000	0.001014
CASE	991005591	69	bb	0.042450	0.046477	14.625000	0.005905
CASE	991005691	86	nn	-0.016652	-0.019484	-3.875000	0.020477
CASE	991005751	60	nn	-0.028655	-0.036855	-4.937500	0.023628
CASE	991005841	64	nn	-0.018715	-0.017971	-8.812500	0.011928
CASE	991006141	20	nn	0.036081	0.062500	-7.750000	0.099219
CASE	991006271	63	nn	-0.009989	-0.012810	-2.687500	0.003558
CASE	991006441	60	nn	0.020908	0.023685	6.562500	0.004009
CASE	991006491	25	nn	0.012508	0.004195	14.937500	0.042832
CASE	991006501	33	nn	0.002960	0.006795	-2.062500	0.028571
CASE	991006531	61	bb	-0.001257	-0.001176	-0.562500	0.000082
CASE	991006551	86	nn	0.012804	0.020465	-0.750000	0.017570
CASE	991006591	40	nn	0.006383	0.004911	4.562500	0.000342
CASE	991006621	68	bb	0.010736	0.012690	2.812500	0.007011
CASE	991006631	78	bb	-0.032593	-0.040623	-7.562500	0.050802
CASE	991006771	46	nn	-0.045169	-0.059216	-4.062500	0.042228
CASE	991006951	50	nn	-0.004818	-0.001182	-11.687500	0.000899
CASE	991007021	37	nn	0.000557	0.000575	0.250000	0.000005
CASE	991007041	58	bb	0.008629	0.011208	1.312500	0.013468
CASE	991007051	69	nn	-0.024473	-0.025672	-9.125000	0.007134
CASE	991007101	34	bb	0.006323	0.002046	8.312500	0.000174
CASE	991007211	57	bb	-0.008952	-0.011987	-1.187500	0.000700
CASE	991007241	2	nn	-0.000503	0.000000	-0.625000	0.000156
CASE	991007411	86	nn	0.035887	0.039840	11.875000	0.010775
CASE	991007431	17	nn	-0.017976	0.000000	-30.437500	0.073166
CASE	991007481	67	nn	-0.000912	-0.004375	2.312500	0.003828
CASE	991007541	42	nn	-0.005956	-0.009443	1.062500	0.008594
CASE	991007571	74	nn	0.014284	0.016304	4.937500	0.008619
CASE	991007581	79	nn	-0.035429	-0.035781	-18.750000	0.008063
CASE	991007621	34	nn	0.025975	0.038380	0.562500	0.008377
CASE	991007681	10	nn	-0.005360	0.000000	-13.875000	0.001224
CASE	991007741	72	nn	-0.004545	-0.004469	-1.500000	0.017728
CASE	991007901	54	nn	-0.059468	-0.074202	-11.875000	0.008925
CASE	991007991	63	nn	-0.029760	-0.029144	-12.000000	0.014176
CASE	991008041	28	nn	-0.015637	-0.012992	-9.687500	0.004756
CASE	991008251	66	nn	-0.001395	-0.001280	-0.875000	0.003532
CASE	991008581	47	nn	-0.080766	-0.093442	-23.437500	0.024954
CASE	991008591	62	nn	-0.004924	-0.003619	-3.125000	0.017814
CASE	991008691	71	bb	-0.024558	-0.027266	-7.812500	0.003788
CASE	991008701	86	nn	-0.021041	-0.021675	-8.062500	0.010401
CASE	991008721	20	nn	0.177411	0.250000	11.937500	0.188154
CASE	991008761	57	nn	0.042492	0.048787	13.812500	0.018801
CASE	991008771	70	nn	-0.094056	-0.108699	-29.250000	0.033749
CASE	991008871	80	nn	-0.016760	-0.013983	-9.812500	0.009657
CASE	991008901	25	bb	0.000937	-0.000693	1.812500	0.000178
CASE	991008951	76	nn	-0.009715	-0.012797	-1.875000	0.001441
CASE	991009111	62	nn	-0.074616	-0.080856	-31.750000	0.023984
CASE	991009271	52	nn	-0.054136	-0.065225	-13.187500	0.007822
CASE	991009301	82	nn	0.058776	0.066221	18.750000	0.013611
CASE	991009361	56	nn	0.020416	0.020909	10.500000	0.004449
CASE	991009461	71	nn	0.005090	0.005182	0.937500	0.002479
CASE	991009611	48	nn	-0.017129	-0.017000	-7.187500	0.016667
CASE	991009701	50	bb	0.011360	0.011370	6.312500	0.002703
CASE	991009731	81	bb	-0.040372	-0.045032	-12.625000	0.012960
CASE	991009841	22	nn	-0.001989	-0.000933	-2.375000	0.000324
CASE	991010051	58	nn	0.009806	0.011463	2.750000	0.001301
CASE	991010071	80	nn	-0.003803	-0.009384	3.375000	0.009678
CASE	991010111	34	nn	-0.030230	-0.041249	-2.062500	0.029786
CASE	991010131	52	nn	0.013007	0.014372	3.812500	0.005400
CASE	991010151	74	bb	-0.034667	-0.037273	-11.875000	0.009631
CASE	991010191	28	nn	0.002307	0.002713	0.750000	0.002211
CASE	991010271	22	nn	-0.044664	-0.048993	-15.625000	0.028739
CASE	991010331	81	bb	0.000924	0.002838	-1.437500	0.003954
CASE	991010391	52	nn	-0.025253	-0.025236	-12.375000	0.009082
CASE	991010421	86	nn	0.010731	0.012162	3.500000	0.006896
CASE	991010521	14	nn	0.052858	0.062500	17.062500	0.094901
CASE	991010671	76	nn	0.000233	0.004247	-3.625000	0.006547
CASE	991010721	36	nn	0.024703	0.028145	6.937500	0.022111
CASE	991010741	61	bb	0.008587	0.010036	2.937500	0.009258
CASE	991010751	66	nn	-0.014781	-0.018895	-2.875000	0.003903
CASE	991010781	14	nn	0.219564	0.312500	13.750000	0.180028
CASE	991010801	32	nn	0.003585	0.000778	5.687500	0.001259
CASE	991010891	36	nn	0.037832	0.047837	7.062500	0.011560
CASE	991010931	80	nn	-0.037524	-0.041463	-12.812500	0.005869
CASE	991011001	62	nn	-0.010053	-0.009750	-4.125000	0.013994
CASE	991011011	72	nn	0.001083	0.001573	-0.125000	0.004346
CASE	991011021	83	nn	0.012447	0.013932	3.375000	0.009442
CASE	991011071	46	nn	0.016216	0.018538	5.937500	0.008935
CASE	991011151	40	nn	-0.015661	-0.011054	-15.437500	0.004015
CASE	991011181	72	nn	0.009546	0.008332	6.500000	0.003074
CASE	991011221	20	nn	0.046111	0.062500	11.125000	0.037267
CASE	991011231	34	nn	-0.010216	-0.014026	4.625000	0.003802
CASE	991011251	55	nn	0.005768	0.003365	11.062500	0.000200
CASE	991011301	19	nn	0.059821	0.062500	23.000000	0.310496
CASE	991011341	57	nn	-0.024436	-0.030107	-5.437500	0.010425
CASE	991011421	54	nn	-0.025433	-0.025332	-13.687500	0.002890
CASE	991011511	55	nn	0.044707	0.048334	15.312500	0.010898
CASE	991011541	2	bb	0.000000	0.000000	0.000000	0.000000
CASE	991011571	30	nn	-0.050959	-0.061652	-12.312500	0.042744
CASE	991011611	70	nn	0.016854	0.024720	0.687500	0.010400
CASE	991011731	17	nn	0.003299	0.000000	5.000000	0.001755
CASE	991011751	39	nn	-0.017655	-0.023266	-3.375000	0.035629
CASE	991011831	33	nn	-0.009445	-0.016387	1.812500	0.013809
CASE	991011861	64	nn	0.015874	0.020690	2.375000	0.002779
CASE	991011941	58	nn	-0.022070	-0.036986	3.500000	0.019548
CASE	991011951	66	nn	0.039927	0.043950	13.250000	0.009897
CASE	991012031	60	nn	-0.005576	-0.002371	-11.437500	0.001155
CASE	991012051	81	nn	-0.008472	-0.006037	-6.625000	0.016866
CASE	991012161	16	nn	-0.059059	-0.062500	-26.750000	0.102742
CASE	991012201	57	nn	-0.017495	-0.017073	-7.625000	0.015062
CASE	991012271	43	nn	-0.042959	-0.051016	-11.062500	0.007290
CASE	991012361	48	nn	-0.046700	-0.053022	-16.500000	0.005636
CASE	991012371	56	nn	0.044798	0.050759	14.187500	0.008662
CASE	991012461	60	nn	-0.018092	-0.019445	-9.500000	0.015179
CASE	991012501	11	nn	0.001622	0.000000	2.312500	0.000746
CASE	991012571	86	nn	0.012978	0.014512	4.750000	0.005751
CASE	991012641	68	nn	0.007671	0.008416	1.687500	0.009286
CASE	991012651	79	bb	-0.033786	-0.047030	-1.437500	0.013321
CASE	991012701	40	nn	0.010627	0.003567	12.312500	0.018431
CASE	991012781	35	nn	-0.000803	-0.003146	1.562500	0.000558
CASE	991012791	44	bb	0.028049	0.030492	7.875000	0.027631
CASE	991012811	68	nn	0.097383	0.114567	26.125000	0.024786
CASE	991012901	72	nn	0.031489	0.029270	14.500000	0.011733
CASE	991013001	86	nn	0.012218	0.013078	4.312500	0.007217
CASE	991013151	64	nn	-0.000672	0.003040	-3.375000	0.014349
CASE	991013241	68	nn	0.007059	0.009315	2.312500	0.007167
CASE	991013341	80	nn	0.030204	0.039511	4.562500	0.015336
CASE	991013391	44	nn	-0.031882	-0.036962	-9.875000	0.018700
CASE	991013401	53	nn	-0.056593	-0.065045	-17.750000	0.029407
CASE	991013471	38	nn	0.014585	0.015064	5.750000	0.014817
CASE	991013481	49	nn	0.007182	0.007265	3.312500	0.008706
CASE	991013511	79	nn	-0.053282	-0.056091	-21.875000	0.016319
CASE	991013581	60	bb	-0.040667	-0.048930	-9.687500	0.015172
CASE	991013711	22	nn	0.027370	0.024194	14.562500	0.024550
CASE	991013731	37	nn	-0.001029	-0.002302	1.875000	0.001279
CASE	991013741	52	bb	0.009189	0.010155	2.937500	0.001204
CASE	991013801	22	nn	-0.007597	-0.007218	-4.000000	0.009076
CASE	991013811	35	nn	0.026460	0.026929	11.437500	0.008635
CASE	991013821	44	bb	0.000257	0.000308	0.062500	0.000001
CASE	991014111	77	nn	-0.001296	-0.005635	3.250000	0.022555
CASE	991014261	54	nn	-0.020571	-0.032526	2.000000	0.015550
CASE	991014291	86	nn	0.013367	0.016840	2.562500	0.013787
CASE	991014311	20	nn	0.005428	0.000000	6.625000	0.209053
CASE	991014371	77	nn	-0.010972	-0.010502	-5.562500	0.014760
CASE	991014461	80	nn	0.011578	0.009405	10.750000	0.018132
CASE	991014481	18	bb	-0.000258	0.000000	-0.312500	0.000001
CASE	991014631	82	nn	-0.004250	-0.008097	1.562500	0.007141
CASE	991014721	86	nn	0.047815	0.051571	17.312500	0.013566
CASE	991014801	78	nn	0.014959	0.022663	0.187500	0.013050
CASE	991014851	42	nn	0.002261	0.000284	5.562500	0.000363
CASE	991014911	18	nn	0.079891	0.125000	-5.875000	0.272993
CASE	991015321	84	nn	0.028833	0.032795	8.562500	0.008319
CASE	991015341	17	nn	-0.060064	-0.062500	-27.750000	0.113429
CASE	991015571	74	nn	0.063255	0.066872	23.000000	0.019363
CASE	991015581	86	bb	-0.018531	-0.018301	-8.375000	0.009533
CASE	991015631	50	nn	-0.018769	-0.022251	-5.625000	0.008591
CASE	991015651	68	nn	-0.017146	-0.017110	-7.312500	0.010349
CASE	991015731	64	nn	0.033470	0.036779	12.625000	0.014480
CASE	991015861	19	nn	-0.028302	-0.062500	17.937500	0.104833
CASE	991015991	64	nn	-0.065262	-0.076797	-17.000000	0.017636
CASE	991016001	76	nn	0.011873	0.013684	2.625000	0.026427
CASE	991016011	86	nn	0.015447	0.018291	3.687500	0.008056
CASE	991016041	25	bb	0.031638	0.041213	5.437500	0.007579
CASE	991016081	68	bb	0.041592	0.049896	9.812500	0.018676
CASE	991016131	31	nn	-0.027688	-0.035314	-4.937500	0.004166
CASE	991016141	43	nn	0.025545	0.032219	4.125000	0.006229
CASE	991016261	75	bb	-0.016401	-0.014847	-8.062500	0.006647
CASE	991016341	69	nn	-0.002396	-0.003283	-0.125000	0.016222
CASE	991016441	86	nn	0.015867	0.016150	6.250000	0.006061
CASE	991016761	59	nn	0.053870	0.070706	9.312500	0.018179
CASE	991016771	71	nn	-0.050672	-0.067406	-6.500000	0.017886
CASE	991016821	30	nn	0.012626	0.007782	10.750000	0.000803
CASE	991016981	23	nn	0.043974	0.050529	14.437500	0.026176
CASE	991017001	38	nn	-0.058302	-0.072724	-12.375000	0.021057
CASE	991017021	62	nn	0.012305	0.015616	3.000000	0.017808
CASE	991017031	68	nn	-0.014645	-0.022296	0.375000	0.007664
CASE	991017071	26	nn	-0.000499	-0.004959	6.312500	0.001112
CASE	991017241	25	nn	0.007680	0.006806	3.875000	0.026551
CASE	991017301	86	nn	0.018155	0.025133	1.937500	0.004358
CASE	991017341	39	nn	-0.003527	-0.003029	-2.062500	0.001804
CASE	991017521	45	nn	-0.033349	-0.043627	-4.437500	0.013523
CASE	991017531	58	nn	0.002083	0.000910	2.750000	0.002815
CASE	991017651	5	bb	0.004927	0.000000	5.937500	0.000187
CASE	991017761	30	nn	-0.031016	-0.046887	0.750000	0.012155
CASE	991017791	58	nn	-0.018418	-0.022840	-2.437500	0.036203
CASE	991017801	66	nn	0.094670	0.110953	26.937500	0.015624
CASE	991017811	80	nn	0.001872	0.002901	0.687500	0.007623
CASE	991017861	40	nn	-0.042515	-0.048068	-16.125000	0.003487
CASE	991017891	70	nn	0.020831	0.029184	1.562500	0.032257
CASE	991017961	57	nn	-0.010974	-0.012643	-3.187500	0.010497
CASE	991018011	20	mixed	0.006569	0.000000	11.312500	0.068409
CASE	991018071	81	nn	-0.014241	-0.014609	-5.500000	0.021285
CASE	991018321	74	nn	0.019007	0.025621	2.875000	0.024637
CASE	991018401	62	nn	0.003994	-0.001713	7.187500	0.016403
CASE	991018411	77	nn	0.041147	0.044414	14.812500	0.022285
CASE	991018451	31	nn	-0.036347	-0.035369	-16.250000	0.013549
CASE	991018501	79	nn	0.019240	0.021922	7.562500	0.008791
CASE	991018521	15	nn	0.000000	0.000000	0.000000	0.000000
CASE	991018581	74	nn	-0.018681	-0.021824	-5.187500	0.016615
CASE	991018591	86	nn	-0.046922	-0.059207	-8.437500	0.031097
CASE	991018791	23	nn	-0.000453	-0.001649	1.750000	0.000119
CASE	991018811	46	nn	-0.001960	-0.000951	-1.687500	0.003317
CASE	991019011	75	nn	-0.032318	-0.040131	-7.687500	0.018466
CASE	991019021	86	nn	0.051450	0.052928	19.812500	0.021955
CASE	991019081	56	nn	0.000125	0.002911	-1.125000	0.018253
CASE	991019171	64	nn	-0.011917	-0.011728	-5.187500	0.004503
CASE	991019341	62	nn	0.025941	0.030975	7.687500	0.013795
CASE	991019351	72	nn	-0.061203	-0.062944	-23.937500	0.014916
CASE	991019401	35	bb	-0.000450	0.000681	-0.937500	0.019222
CASE	991019411	45	bb	-0.001614	-0.002872	1.312500	0.000810
CASE	991019451	86	nn	0.035274	0.041324	9.750000	0.005484
CASE	991019651	26	nn	-0.008577	-0.004833	-8.750000	0.001367
CASE	991019761	48	nn	0.006244	0.009279	-6.625000	0.019449
CASE	991019851	52	nn	-0.000957	-0.000392	-0.875000	0.017447
CASE	991019861	66	nn	-0.020976	-0.022726	-6.687500	0.021948
CASE	991019871	76	nn	0.016318	0.021559	3.312500	0.009803
CASE	991019881	86	bb	0.009286	0.011969	1.625000	0.006351
CASE	991019931	50	nn	-0.019029	-0.020192	-7.437500	0.008544
CASE	991019991	21	nn	0.087846	0.125000	5.875000	0.199741
CASE	991020021	51	bb	0.005321	0.002767	4.937500	0.004662
CASE	991020051	84	nn	0.004883	0.007301	-0.062500	0.013675
CASE	991020281	55	bb	0.000000	0.000000	0.000000	0.000000
CASE	991020311	86	nn	-0.008738	-0.009886	-2.812500	0.002982
CASE	991020351	39	nn	-0.042591	-0.054364	-7.562500	0.034926
CASE	991020371	54	nn	0.035975	0.044109	8.187500	0.018866
CASE	991020391	78	nn	-0.054904	-0.065610	-14.187500	0.034979
CASE	991020461	62	nn	-0.027011	-0.033380	-6.187500	0.003361
CASE	991020541	55	nn	0.008983	0.013005	0.187500	0.022251
CASE	991020601	32	nn	0.010701	0.015640	2.687500	0.015915
CASE	991020631	61	bb	0.011813	0.015371	2.750000	0.002370
CASE	991020791	48	nn	0.004116	0.003254	2.437500	0.012231
CASE	991020811	68	nn	0.001071	0.002344	-0.500000	0.056002
CASE	991020821	76	nn	-0.050349	-0.053901	-17.312500	0.015305
CASE	991020831	4	nn	0.005247	0.000000	7.312500	0.061707
CASE	991020861	32	nn	-0.015040	-0.008757	-11.812500	0.016220
CASE	991020891	62	bb	0.018553	0.021170	6.375000	0.009588
CASE	991020901	74	nn	-0.016121	-0.020233	-4.000000	0.007327
CASE	991020961	48	nn	-0.048181	-0.049942	-19.125000	0.032135
CASE	991020991	78	nn	-0.024278	-0.027356	-7.500000	0.006810
CASE	991021061	60	nn	-0.012454	-0.015355	-1.187500	0.021838
CASE	991021071	70	nn	0.025344	0.034308	3.250000	0.013741
CASE	991021241	65	nn	-0.019068	-0.023338	-5.625000	0.004473
CASE	991021361	17	bb	0.140954	0.187500	20.062500	0.152295
CASE	991021441	11	bb	-0.004416	0.000000	-7.750000	0.000120
CASE	991021581	65	nn	0.014431	0.016359	5.687500	0.002749
CASE	991021741	54	nn	-0.048987	-0.057852	-12.250000	0.013254
CASE	991021751	64	nn	-0.037150	-0.044238	-10.250000	0.010251
CASE	991021841	66	nn	0.034384	0.037548	11.500000	0.009205
CASE	991021851	76	nn	-0.001274	0.003991	-5.187500	0.007760
CASE	991022001	54	nn	0.046920	0.055326	12.750000	0.020384
CASE	991022181	63	bb	0.028897	0.031049	10.125000	0.007266
CASE	991022191	71	nn	0.007981	0.005955	7.250000	0.010393
CASE	991022201	81	nn	0.011921	0.014843	2.937500	0.012965
CASE	991022251	46	nn	0.038014	0.044659	10.250000	0.009375
CASE	991022301	7	nn	0.000000	0.000000	0.000000	0.000000
CASE	991022391	14	nn	-0.059392	-0.062500	-27.812500	0.112305
CASE	991022401	24	bb	-0.010170	-0.010194	-4.562500	0.001165
CASE	991022431	54	nn	0.003492	0.006870	-0.625000	0.003909
CASE	991022461	86	nn	-0.050158	-0.055859	-16.062500	0.014982
CASE	991022501	39	nn	0.000937	-0.000047	6.687500	0.000053
CASE	991022511	48	nn	-0.011157	-0.009568	-6.125000	0.002156
CASE	991022521	56	bb	-0.022376	-0.023343	-11.187500	0.002513
CASE	991022541	78	nn	0.032604	0.034806	11.437500	0.006987
CASE	991022591	40	nn	0.014064	0.023180	-2.000000	0.032538
CASE	991022621	72	bb	0.034416	0.038796	10.625000	0.011642
CASE	991022631	79	nn	-0.035715	-0.034804	-20.250000	0.005946
CASE	991022681	48	nn	-0.030410	-0.034269	-11.812500	0.006674
CASE	991022731	7	bb	-0.090544	-0.125000	-8.875000	0.061919
CASE	991022941	48	nn	-0.089688	-0.106932	-22.187500	0.033325
CASE	991022961	67	nn	-0.021574	-0.026973	-5.125000	0.017556
CASE	991023061	83	bb	0.001862	0.002477	0.250000	0.001967
CASE	991023141	77	nn	0.020973	0.023089	6.562500	0.017337
CASE	991023191	40	nn	0.060266	0.073869	14.312500	0.033364
CASE	991023201	50	bb	0.013747	0.015712	4.437500	0.002215
CASE	991023211	59	nn	-0.001866	-0.001875	-0.750000	0.017472
CASE	991023271	36	nn	-0.074442	-0.089797	-18.375000	0.027749
CASE	991023361	40	nn	-0.007263	-0.012295	1.312500	0.005014
CASE	991023381	60	nn	-0.031501	-0.029272	-17.000000	0.005228
CASE	991023391	69	nn	-0.018363	-0.019445	-7.062500	0.008721
CASE	991023401	75	nn	-0.026299	-0.029811	-6.500000	0.016547
CASE	991023461	52	nn	-0.019086	-0.025312	-2.187500	0.012036
CASE	991023471	60	nn	0.015176	0.019365	3.812500	0.023878
CASE	991023561	63	nn	0.016485	0.024812	-0.062500	0.019438
CASE	991023571	73	nn	0.015639	0.016212	5.687500	0.008305
CASE	991023641	62	bb	0.000675	0.003447	-2.625000	0.005754
CASE	991023651	69	bb	-0.052935	-0.059063	-18.875000	0.004748
CASE	991023681	14	nn	-0.002559	0.000000	-3.562500	0.065767
CASE	991023751	86	nn	0.010655	0.010819	4.437500	0.007663
CASE	991023811	59	nn	0.036239	0.037734	14.375000	0.012101
CASE	991023831	77	nn	-0.041291	-0.051776	-9.625000	0.017239
CASE	991023891	54	nn	0.003174	0.003475	4.812500	0.014451
CASE	991023901	63	nn	0.007612	0.008951	1.250000	0.002016
CASE	991024081	70	nn	-0.017548	-0.025118	-0.875000	0.003055
CASE	991024171	71	nn	-0.030129	-0.032041	-12.562500	0.004222
CASE	991024181	86	nn	0.013670	0.015996	4.000000	0.026951
CASE	991024221	40	nn	0.028628	0.035127	5.375000	0.019415
CASE	991024411	57	bb	0.002138	0.001180	2.125000	0.005868
CASE	991024421	65	bb	-0.016833	-0.013132	-13.000000	0.003347
CASE	991024511	71	nn	-0.011950	-0.011348	-5.875000	0.018461
CASE	991024641	25	nn	-0.010910	-0.012791	-2.937500	0.012374
CASE	991024671	56	nn	-0.024335	-0.027060	-9.937500	0.006371
CASE	991024711	14	nn	-0.000828	0.000000	-3.375000	0.001038
CASE	991024781	79	bb	-0.057257	-0.065992	-16.812500	0.013268
CASE	991024891	22	nn	-0.052128	-0.063262	-12.125000	0.018808
CASE	991024941	72	bb	0.050770	0.057668	15.562500	0.025173
CASE	991025011	51	nn	0.001742	0.001744	0.875000	0.000056
CASE	991025031	74	nn	0.007564	0.006735	4.625000	0.017024
CASE	991025041	86	bb	0.020012	0.023513	5.750000	0.005194
CASE	991025131	4	nn	-0.050273	-0.062500	-10.875000	0.032605
CASE	991025151	21	nn	-0.243619	-0.312500	-47.375000	0.133897
CASE	991025161	31	nn	-0.060818	-0.075183	-13.625000	0.016348
CASE	991025211	82	nn	0.003764	0.007051	-1.625000	0.024356
CASE	991025241	24	nn	0.040305	0.053782	5.312500	0.035946
CASE	991025291	76	nn	0.024678	0.027003	8.750000	0.025246
CASE	991025471	86	nn	-0.011415	-0.014795	-1.375000	0.005971
CASE	991025631	71	nn	-0.036213	-0.039755	-13.375000	0.007288
CASE	991025721	72	nn	-0.038750	-0.047384	-8.812500	0.008415
CASE	991025881	66	bb	-0.010830	-0.012661	-4.500000	0.015215
CASE	991025901	86	nn	0.023836	0.025922	7.937500	0.022129
CASE	991026001	13	bb	0.041274	0.062500	0.000000	0.034920
CASE	991026061	70	nn	-0.005208	-0.006083	-0.937500	0.009341
CASE	991026071	80	bb	-0.032458	-0.038222	-8.500000	0.007947
CASE	991026111	35	nn	0.020763	0.023731	5.062500	0.026407
CASE	991026151	75	bb	0.037877	0.036044	18.625000	0.004415
CASE	991026301	50	nn	-0.023572	-0.025922	-8.750000	0.008381
CASE	991026371	40	nn	0.032466	0.036159	13.312500	0.004920
CASE	991026551	47	nn	-0.046317	-0.045844	-20.562500	0.025668
CASE	991026671	81	bb	-0.014482	-0.021231	-0.500000	0.008000
CASE	991026741	65	nn	-0.014005	-0.015716	-4.687500	0.006188
CASE	991026751	76	nn	-0.011487	-0.013574	-3.062500	0.007782
CASE	991026781	18	nn	0.011361	0.000000	18.812500	0.000505
CASE	991026821	57	bb	0.002504	0.003459	0.125000	0.007699
CASE	991026831	64	nn	0.060652	0.069658	18.812500	0.012719
CASE	991027001	66	nn	-0.021586	-0.028140	-1.812500	0.015705
CASE	991027071	51	nn	0.039426	0.049855	7.875000	0.029617
CASE	991027091	71	nn	0.081613	0.091622	27.250000	0.017126
CASE	991027251	59	nn	0.016006	0.020321	3.250000	0.025150
CASE	991027331	50	nn	0.019069	0.027025	1.187500	0.011845
CASE	991027351	71	nn	0.007932	0.008145	2.750000	0.017447
CASE	991027421	55	nn	-0.036450	-0.039955	-12.625000	0.012346
CASE	991027511	62	nn	0.044256	0.051558	12.937500	0.010294
CASE	991027561	26	nn	0.018731	0.026124	1.437500	0.016086
CASE	991027591	52	nn	-0.002806	-0.003794	-1.250000	0.032007
CASE	991027621	86	nn	-0.038373	-0.043719	-11.687500	0.020654
CASE	991027641	20	nn	-0.097650	-0.125000	-20.000000	0.059772
CASE	991027701	74	nn	-0.012838	-0.013466	-7.625000	0.007240
CASE	991027791	79	nn	-0.004372	-0.008483	2.687500	0.012079
CASE	991027811	18	nn	-0.008123	0.000000	-11.062500	0.000653
CASE	991027841	42	nn	0.076215	0.094242	17.187500	0.027937
CASE	991027961	81	nn	-0.001770	-0.001535	-1.500000	0.006561
CASE	991028101	47	mixed	-0.027049	-0.035449	-5.125000	0.015117
CASE	991028171	29	nn	-0.018667	-0.031815	3.250000	0.016846
CASE	991028291	67	nn	0.001392	-0.001411	3.750000	0.001978
CASE	991028431	34	bb	0.000000	0.000000	0.000000	0.000000
CASE	991028471	74	nn	-0.020068	-0.020137	-7.625000	0.014899
CASE	991028631	63	nn	-0.000338	0.006928	-11.312500	0.008524
CASE	991028721	62	nn	-0.019736	-0.025393	-3.375000	0.020502
CASE	991028811	69	nn	-0.033246	-0.027277	-18.312500	0.017779
CASE	991028851	23	nn	0.006010	0.000458	10.500000	0.000606
CASE	991028911	86	nn	-0.007877	-0.011793	-0.625000	0.015630
CASE	991028991	80	nn	-0.022230	-0.020076	-11.312500	0.026226
CASE	991029161	77	nn	0.004415	0.006643	-0.312500	0.014818
CASE	991029211	39	nn	-0.008923	-0.014150	2.625000	0.004255
CASE	991029231	62	nn	0.034936	0.040741	10.812500	0.003946
CASE	991029411	68	nn	0.029959	0.034149	8.687500	0.015438
CASE	991029421	80	nn	0.024968	0.017370	16.687500	0.025129
CASE	991029501	73	nn	-0.015070	-0.022947	0.625000	0.018872
CASE	991029581	68	nn	0.048450	0.054327	15.062500	0.010196
CASE	991029601	1	bb	-0.002992	0.000000	-4.875000	0.000094
CASE	991029651	49	nn	-0.035634	-0.036291	-13.875000	0.006227
CASE	991029681	79	nn	-0.023609	-0.027087	-7.562500	0.010039
CASE	991029741	54	nn	-0.033417	-0.043462	-4.750000	0.019790
CASE	991029791	15	nn	0.000754	0.000000	-4.312500	0.000073
CASE	991029881	22	bb	0.012710	0.010946	7.625000	0.006328
CASE	991030101	66	nn	-0.012832	-0.021216	1.500000	0.003121
CASE	991030241	40	bb	0.006112	0.007575	1.312500	0.008291
CASE	991030261	58	nn	-0.018485	-0.022661	-3.062500	0.011804
CASE	991030271	69	nn	-0.021690	-0.019769	-17.000000	0.004920
CASE	991030281	75	nn	-0.037684	-0.043707	-10.750000	0.017905
CASE	991030341	53	nn	0.003285	0.002988	1.500000	0.000597
CASE	991030351	61	bb	-0.009074	-0.010912	-2.562500	0.000511
CASE	991030381	7	nn	0.000395	0.000000	0.437500	0.000244
CASE	991030431	56	bb	-0.024112	-0.026188	-9.187500	0.007280
CASE	991030451	74	nn	0.009445	0.014789	-0.437500	0.006675
CASE	991030591	42	nn	-0.015703	-0.016677	-6.375000	0.000809
CASE	991030611	62	nn	0.034363	0.036353	14.000000	0.004092
CASE	991030621	74	mixed	-0.032408	-0.022356	-23.687500	0.009736
CASE	991030681	49	nn	-0.005272	-0.002961	-7.750000	0.000724
CASE	991030831	28	nn	-0.016647	-0.023484	-1.312500	0.011971
CASE	991030861	53	bb	-0.001415	-0.001735	-0.312500	0.000005
CASE	991030881	75	mixed	-0.007439	-0.010034	-0.812500	0.023149
CASE	991031061	86	nn	0.007386	0.008693	2.062500	0.007636
CASE	991031121	58	nn	-0.016796	-0.017986	-5.500000	0.012200
CASE	991031131	68	nn	0.000193	-0.000916	0.562500	0.019118
CASE	991031181	32	nn	0.000606	-0.001378	2.500000	0.000158
CASE	991031201	49	nn	0.011783	0.016567	0.937500	0.003833
CASE	991031231	81	mixed	-0.017621	-0.013369	-10.375000	0.013386
CASE	991031261	28	nn	-0.012647	-0.016351	-2.312500	0.008553
CASE	991031371	52	nn	0.000374	0.000591	-0.062500	0.012313
CASE	991031391	69	nn	-0.027121	-0.029751	-12.000000	0.006630
CASE	991031401	82	nn	0.009138	0.013864	0.250000	0.023314
CASE	991031481	75	nn	0.017285	0.019266	5.625000	0.003862
CASE	991031521	28	bb	0.000000	0.000000	0.000000	0.000000
CASE	991031571	79	nn	-0.000210	0.001637	-1.625000	0.008407
CASE	991031691	28	nn	-0.013190	-0.012109	-7.437500	0.004778
CASE	991031741	75	bb	-0.002970	-0.001246	-3.500000	0.003565
CASE	991031831	82	nn	0.006711	0.006668	3.000000	0.012034
CASE	991031961	38	bb	-0.000138	-0.000084	-0.125000	0.000000
CASE	991031971	47	nn	0.040761	0.044383	14.250000	0.009633
CASE	991032091	81	nn	-0.004487	-0.006232	-0.312500	0.007408
CASE	991032151	54	bb	0.030524	0.038761	4.500000	0.006597
CASE	991032251	70	nn	0.065110	0.078155	15.062500	0.030623
CASE	991032301	35	nn	-0.035368	-0.040301	-14.625000	0.010112
CASE	991032351	86	nn	-0.008729	-0.013066	-0.250000	0.002814
CASE	991032401	49	nn	-0.060522	-0.069497	-19.312500	0.013457
CASE	991032421	68	nn	0.036275	0.046204	6.750000	0.008232
CASE	991032581	54	bb	-0.012165	-0.011050	-6.625000	0.001549
CASE	991032641	28	nn	-0.001876	0.002994	-8.625000	0.005585
CASE	991032691	81	nn	-0.115593	-0.131734	-37.000000	0.010796
CASE	991032901	33	bb	0.006550	0.006148	3.062500	0.002144
CASE	991032951	79	nn	-0.025859	-0.022587	-14.750000	0.015522
CASE	991033101	61	nn	0.020176	0.027420	2.687500	0.031364
CASE	991033181	52	nn	0.008836	0.004363	8.000000	0.027494
CASE	991033211	86	nn	-0.014905	-0.022444	0.250000	0.022655
CASE	991033271	54	nn	-0.003188	-0.002476	-3.125000	0.002597
CASE	991033291	80	nn	-0.044193	-0.049156	-13.875000	0.020965
CASE	991033341	44	bb	-0.014157	-0.010478	-8.812500	0.022272
CASE	991033351	54	nn	-0.018217	-0.023183	-3.125000	0.013088
CASE	991033371	73	nn	0.039347	0.037726	17.937500	0.015283
CASE	991033421	37	nn	-0.041032	-0.054767	-5.687500	0.017599
CASE	991033601	44	nn	-0.018097	-0.019043	-6.875000	0.010558
CASE	991033631	74	nn	0.003112	0.003189	1.812500	0.004307
CASE	991033641	86	nn	-0.050745	-0.060229	-11.812500	0.017187
CASE	991033671	28	nn	0.002082	0.003835	-0.750000	0.014050
CASE	991033741	13	nn	-0.052736	-0.062500	-14.562500	0.032344
CASE	991033931	31	nn	-0.075158	-0.073909	-34.812500	0.015210
CASE	991033961	62	bb	-0.001926	-0.005284	2.875000	0.009449
CASE	991034031	42	nn	-0.014683	-0.011972	-8.375000	0.004469
CASE	991034041	56	nn	-0.011630	-0.009843	-12.125000	0.001188
CASE	991034131	59	nn	-0.001723	0.000526	-2.937500	0.009065
CASE	991034171	12	nn	0.025127	0.062500	-25.062500	0.033855
CASE	991034181	24	nn	0.023438	0.017562	20.125000	0.005160
CASE	991034201	43	nn	0.014782	0.018948	3.375000	0.003533
CASE	991034481	64	bb	-0.010626	-0.015848	0.000000	0.012500
CASE	991034561	58	nn	0.009533	0.008025	7.250000	0.005533
CASE	991034571	68	nn	-0.001003	-0.001725	0.187500	0.019968
CASE	991034581	75	nn	-0.001034	-0.000667	-0.937500	0.005860
CASE	991034731	57	nn	-0.053107	-0.064039	-13.375000	0.011483
CASE	991034981	48	nn	0.012960	0.018333	0.625000	0.004037
CASE	991035001	65	nn	0.015662	0.016058	9.812500	0.000774
CASE	991035181	74	nn	0.000063	-0.000157	1.000000	0.021368
CASE	991035231	42	bb	0.003465	-0.000047	4.187500	0.013842
CASE	991035251	59	nn	0.027645	0.025150	20.500000	0.002537
CASE	991035341	62	bb	0.019979	0.024078	4.437500	0.005695
CASE	991035361	86	nn	-0.023626	-0.025766	-7.875000	0.012013
CASE	991035411	49	nn	-0.001991	-0.004757	1.750000	0.029562
CASE	991035511	62	bb	-0.078054	-0.089671	-23.500000	0.013843
CASE	991035531	81	bb	0.015608	0.020836	2.312500	0.006984
CASE	991035641	22	nn	-0.008391	-0.003776	-8.562500	0.002441
CASE	991035701	76	bb	-0.014457	-0.014311	-7.250000	0.015054
CASE	991035721	14	nn	-0.241610	-0.312500	-44.000000	0.251459
CASE	991035761	55	bb	-0.005943	-0.007473	-1.187500	0.000343
CASE	991035841	49	bb	-0.015343	-0.017999	-4.375000	0.005152
CASE	991035951	72	bb	-0.047658	-0.047896	-20.687500	0.007512
CASE	991036101	50	bb	0.017820	0.019750	6.562500	0.002715
CASE	991036201	65	nn	0.007440	0.006358	5.937500	0.000317
CASE	991036211	75	nn	0.019825	0.025428	4.500000	0.020123
CASE	991036221	86	bb	0.036223	0.040684	11.250000	0.006176
CASE	991036251	26	bb	-0.000148	-0.000000	-0.187500	0.000002
CASE	991036281	59	nn	0.017324	0.016947	10.750000	0.002490
CASE	991036341	29	nn	-0.028264	-0.039050	-2.812500	0.012803
CASE	991036361	54	nn	0.021464	0.024672	6.500000	0.006516
CASE	991036371	64	bb	0.014877	0.017079	4.000000	0.017313
CASE	991036641	76	nn	0.039686	0.042251	15.750000	0.015613
CASE	991036711	59	nn	-0.007868	-0.005659	-5.062500	0.008518
CASE	991036741	3	nn	0.032951	0.062500	-11.062500	0.095070
CASE	991036811	72	bb	-0.000101	-0.001318	0.937500	0.000045
CASE	991036821	79	nn	0.042903	0.051167	12.000000	0.016456
CASE	991036931	19	nn	0.049550	0.062500	11.062500	0.093143
CASE	991036991	79	nn	-0.019006	-0.019526	-8.500000	0.005988
CASE	991037051	54	nn	0.044860	0.053063	14.375000	0.010802
CASE	991037071	73	nn	-0.026522	-0.034239	-4.500000	0.017429
CASE	991037211	42	nn	0.031599	0.044807	2.312500	0.014746
CASE	991037301	43	nn	0.058560	0.073050	12.250000	0.010415
CASE	991037381	41	nn	-0.009063	-0.005923	-6.437500	0.031729
CASE	991037401	61	nn	-0.061898	-0.077445	-14.375000	0.012781
CASE	991037441	13	nn	-0.091464	-0.125000	-10.187500	0.214375
CASE	991037481	55	nn	-0.004011	-0.004982	-0.750000	0.010116
CASE	991037541	28	nn	0.043324	0.053751	10.187500	0.008896
CASE	991037591	79	bb	0.006919	0.007948	2.000000	0.015510
CASE	991037631	34	nn	0.007131	0.011977	-1.125000	0.029680
CASE	991037911	55	nn	0.028471	0.030662	11.437500	0.028219
CASE	991037941	86	bb	0.000200	-0.001107	1.562500	0.016710
CASE	991038011	68	nn	-0.021128	-0.020303	-10.375000	0.019836
CASE	991038101	74	nn	0.026205	0.026126	13.375000	0.008232
CASE	991038321	35	nn	0.087222	0.095400	28.937500	0.034874
CASE	991038371	86	bb	-0.022477	-0.023631	-8.375000	0.007356
CASE	991038541	83	nn	0.064932	0.076938	17.625000	0.022724
CASE	991038601	57	nn	-0.016557	-0.018570	-6.812500	0.016667
CASE	991038701	70	nn	-0.002643	0.004026	-6.437500	0.005368
CASE	991038741	24	nn	-0.007586	-0.001055	-19.375000	0.000434
CASE	991038931	41	nn	-0.005872	-0.010138	1.750000	0.002358
CASE	991038951	63	nn	0.012405	0.013443	5.125000	0.009853
CASE	991038961	68	bb	-0.009922	-0.013212	-1.437500	0.006756
CASE	991038971	81	bb	-0.017723	-0.017646	-7.187500	0.003061
CASE	991039071	11	nn	0.005591	0.000000	8.875000	0.137486
CASE	991039091	31	nn	-0.000408	-0.003852	3.000000	0.025150
CASE	991039141	81	nn	0.005658	0.007846	0.250000	0.015868
CASE	991039291	60	bb	-0.005542	-0.004286	-3.250000	0.003156
CASE	991039341	22	nn	-0.030426	-0.033280	-10.312500	0.005627
CASE	991039351	33	nn	0.038982	0.042286	14.500000	0.008589
CASE	991039541	50	nn	0.016527	0.011666	15.812500	0.003383
CASE	991039701	37	nn	-0.006659	-0.001574	-10.125000	0.000431
CASE	991039791	44	nn	-0.021342	-0.023033	-8.000000	0.039858
CASE	991039801	52	nn	0.040106	0.045604	14.187500	0.012548
CASE	991039931	11	bb	-0.021580	-0.031250	-0.937500	0.006990
CASE	991039961	37	nn	-0.020422	-0.028910	-0.937500	0.022400
POS	3932	594
