CASE	991000089	73	nn	0.021068	0.023145	8.125000	0.009188
CASE	991000159	56	mixed	-0.002466	0.007494	-10.062500	0.006683
CASE	991000169	67	nn	0.012829	0.015629	3.687500	0.008206
CASE	991000249	57	nn	-0.004549	-0.010331	2.875000	0.004938
CASE	991000299	23	nn	-0.008256	-0.006847	-5.937500	0.000822
CASE	991000329	53	nn	-0.024004	-0.029053	-5.562500	0.013555
CASE	991000359	86	nn	0.025432	0.032050	4.562500	0.011457
CASE	991000409	45	nn	0.002235	0.003489	-0.750000	0.000847
CASE	991000419	59	nn	-0.026081	-0.027779	-9.750000	0.002638
CASE	991000439	78	nn	0.052050	0.062285	13.062500	0.008651
CASE	991000469	18	nn	0.088603	0.125000	6.812500	0.121696
CASE	991000519	71	nn	0.000466	0.002667	-2.562500	0.009852
CASE	991000569	32	nn	0.001978	-0.000109	3.562500	0.000683
CASE	991000639	22	nn	-0.066388	-0.086979	-10.312500	0.019749
CASE	991000679	62	nn	-0.009418	-0.010296	-2.687500	0.011325
CASE	991000699	79	nn	0.001720	0.002592	-0.062500	0.005501
CASE	991000709	6	nn	-0.000963	0.000000	-3.375000	0.000036
CASE	991000739	36	nn	-0.032492	-0.037505	-10.062500	0.015281
CASE	991000759	53	nn	-0.007843	-0.009589	-3.687500	0.008776
CASE	991000789	86	nn	0.005824	0.005868	1.687500	0.012572
CASE	991000819	26	bb	-0.037261	-0.046649	-7.625000	0.005998
CASE	991000949	70	nn	0.027124	0.039450	1.187500	0.024878
CASE	991001029	67	nn	0.005905	0.009467	-1.250000	0.006512
CASE	991001079	31	bb	-0.049064	-0.060594	-11.812500	0.003158
CASE	991001119	72	bb	0.001471	-0.001389	2.562500	0.003039
CASE	991001129	79	nn	-0.021954	-0.021265	-13.437500	0.007538
CASE	991001299	76	bb	-0.049138	-0.054601	-16.000000	0.014436
CASE	991001329	23	bb	0.001507	0.001678	0.562500	0.000665
CASE	991001359	54	nn	0.030848	0.039118	5.562500	0.025502
CASE	991001429	37	bb	-0.010779	-0.014248	-1.875000	0.004255
CASE	991001449	57	nn	0.025812	0.030505	8.187500	0.013131
CASE	991001499	21	nn	0.053746	0.062500	18.125000	0.029902
CASE	991001539	62	bb	-0.033911	-0.044331	-5.937500	0.006494
CASE	991001709	57	nn	0.007926	0.008412	3.125000	0.030129
CASE	991001959	47	bb	0.025422	0.028864	8.312500	0.005005
CASE	991001979	72	mixed	-0.050401	-0.055962	-16.437500	0.017068
CASE	991002249	81	nn	0.009226	0.011656	2.000000	0.010748
CASE	991002309	53	nn	-0.016492	-0.019299	-5.250000	0.002645
CASE	991002499	70	bb	-0.001396	-0.001072	-1.062500	0.003080
CASE	991002569	55	mixed	-0.034263	-0.035370	-13.187500	0.016821
CASE	991002589	78	mixed	0.062262	0.075937	14.687500	0.009986
CASE	991002629	30	nn	-0.067113	-0.083813	-13.875000	0.039395
CASE	991002649	54	nn	0.079375	0.085172	37.250000	0.007770
CASE	991002679	81	nn	-0.052987	-0.065652	-11.187500	0.023521
CASE	991002699	17	nn	-0.035697	-0.062500	10.250000	0.034164
CASE	991002809	41	bb	0.003659	0.003696	1.625000	0.000324
CASE	991002839	67	nn	-0.022748	-0.027349	-6.812500	0.009865
CASE	991003109	81	nn	-0.045842	-0.050350	-16.562500	0.019506
CASE	991003219	19	nn	0.045691	0.062500	4.000000	0.031394
CASE	991003249	46	nn	-0.005732	-0.004074	-7.375000	0.000434
CASE	991003319	34	nn	-0.001543	-0.000439	-1.375000	0.020899
CASE	991003399	24	nn	-0.005564	-0.000166	-11.375000	0.000405
CASE	991003439	67	bb	-0.016319	-0.020014	-4.250000	0.014447
CASE	991003519	62	nn	0.053143	0.060950	15.687500	0.022614
CASE	991003539	80	nn	-0.012422	-0.011706	-7.312500	0.007273
CASE	991003599	58	nn	-0.035565	-0.039328	-13.562500	0.003598
CASE	991003619	75	nn	-0.008358	-0.015936	3.312500	0.023305
CASE	991003659	31	nn	0.079508	0.084766	30.125000	0.010087
CASE	991003669	41	bb	-0.002162	-0.000535	-2.437500	0.000082
CASE	991003689	62	nn	-0.000830	-0.000216	0.937500	0.003392
CASE	991003749	33	nn	0.006509	0.012462	-2.250000	0.002616
CASE	991003789	74	nn	0.014000	0.015811	4.062500	0.020716
CASE	991003809	7	nn	0.002292	0.000000	7.250000	0.000115
CASE	991003829	27	nn	-0.011630	-0.005149	-15.250000	0.001723
CASE	991004169	22	bb	0.033949	0.036157	12.812500	0.006411
CASE	991004199	56	bb	-0.025873	-0.029267	-11.062500	0.007460
CASE	991004219	72	bb	-0.026410	-0.030423	-8.187500	0.006091
CASE	991004229	86	nn	-0.034003	-0.039641	-8.687500	0.013526
CASE	991004299	69	nn	0.007302	0.007484	5.500000	0.002343
CASE	991004389	70	nn	0.005759	0.004086	6.000000	0.001517
CASE	991004409	8	nn	0.038685	0.062500	-3.750000	0.103729
CASE	991004439	38	bb	-0.020868	-0.021126	-8.250000	0.013335
CASE	991004529	41	nn	0.001801	0.005220	-2.375000	0.027367
CASE	991004539	51	nn	0.004975	0.006609	1.437500	0.002462
CASE	991004559	67	nn	-0.017855	-0.018912	-5.875000	0.017662
CASE	991004639	64	nn	0.060719	0.071873	16.062500	0.007464
CASE	991004659	86	nn	-0.040337	-0.046808	-11.000000	0.026615
CASE	991004679	17	nn	0.009790	0.000000	12.937500	0.129534
CASE	991004859	28	bb	0.001184	0.000731	0.812500	0.000063
CASE	991005079	76	nn	-0.049447	-0.057608	-15.687500	0.006474
CASE	991005119	29	nn	0.059366	0.076909	9.750000	0.011525
CASE	991005219	43	nn	-0.036963	-0.031414	-23.375000	0.003142
CASE	991005229	51	nn	0.023762	0.027077	7.500000	0.012949
CASE	991005489	54	nn	-0.114513	-0.130624	-37.000000	0.022060
CASE	991005559	38	nn	-0.018227	-0.020086	-6.062500	0.001990
CASE	991005579	59	nn	0.038326	0.042411	13.000000	0.004035
CASE	991005609	2	nn	-0.001109	0.000000	-1.125000	0.000072
CASE	991005629	21	nn	0.063277	0.093750	-0.187500	0.216152
CASE	991005659	53	nn	0.013909	0.015178	6.125000	0.009177
CASE	991005689	81	bb	0.008232	0.010050	2.125000	0.007252
CASE	991005769	77	nn	-0.002159	0.001711	-4.062500	0.018205
CASE	991005809	32	nn	0.000763	-0.003881	4.500000	0.012574
CASE	991005949	86	nn	-0.008265	-0.009806	-1.875000	0.008285
CASE	991005999	49	nn	0.008164	0.006284	4.687500	0.014132
CASE	991006109	73	nn	0.030941	0.034523	9.812500	0.020258
CASE	991006119	83	nn	0.005488	0.004233	2.750000	0.012904
CASE	991006189	63	nn	0.000243	-0.000132	1.875000	0.019385
CASE	991006199	74	bb	-0.030314	-0.034847	-9.375000	0.021223
CASE	991006289	79	nn	-0.000150	0.000840	-2.625000	0.010925
CASE	991006329	35	nn	0.004044	0.004035	2.437500	0.000166
CASE	991006369	74	nn	-0.010998	-0.009857	-5.625000	0.012525
CASE	991006399	19	nn	-0.274648	-0.375000	-30.750000	0.134585
CASE	991006439	60	nn	0.049818	0.049944	20.625000	0.006224
CASE	991006509	44	nn	-0.045937	-0.051191	-15.625000	0.023787
CASE	991006609	54	nn	-0.009423	-0.003652	-10.562500	0.010164
CASE	991006659	18	nn	-0.006552	0.000000	-26.375000	0.000276
CASE	991006679	42	nn	0.047379	0.058231	10.562500	0.037884
CASE	991006709	71	bb	-0.013367	-0.017414	-2.312500	0.007235
CASE	991006749	25	nn	0.015001	0.018850	2.562500	0.012460
CASE	991006789	65	nn	-0.033791	-0.041722	-9.437500	0.015145
CASE	991006979	80	nn	0.004086	0.003314	2.312500	0.012308
CASE	991007009	23	bb	-0.013921	-0.022920	1.812500	0.004877
CASE	991007049	68	nn	0.007590	0.009320	2.062500	0.006328
CASE	991007089	22	bb	-0.004090	-0.002219	-4.000000	0.000104
CASE	991007119	52	nn	0.028101	0.032818	8.000000	0.005876
CASE	991007179	25	nn	-0.040659	-0.042499	-18.562500	0.011516
CASE	991007309	69	nn	-0.000443	0.000814	-0.437500	0.011294
CASE	991007379	48	nn	0.037115	0.039776	14.500000	0.007924
CASE	991007409	81	nn	-0.019612	-0.020491	-7.125000	0.028078
CASE	991007479	68	nn	-0.039870	-0.043951	-14.125000	0.018230
CASE	991007569	72	nn	-0.029264	-0.028075	-14.312500	0.007220
CASE	991007729	59	nn	-0.020334	-0.017015	-15.062500	0.009204
CASE	991007829	72	nn	0.022220	0.025680	5.250000	0.017819
CASE	991007919	74	nn	0.003170	-0.002303	5.812500	0.008846
CASE	991007969	40	nn	-0.048232	-0.057533	-12.312500	0.011676
CASE	991008279	6	nn	-0.007967	0.000000	-9.125000	0.000937
CASE	991008389	32	nn	0.001044	0.005044	-4.625000	0.000924
CASE	991008399	42	nn	0.013666	0.018293	1.437500	0.005234
CASE	991008529	86	nn	-0.042918	-0.040748	-19.250000	0.018361
CASE	991008589	54	nn	0.069374	0.085080	16.437500	0.011697
CASE	991008779	77	nn	-0.000788	-0.000038	-1.000000	0.009825
CASE	991008819	28	nn	-0.042845	-0.068903	6.375000	0.012677
CASE	991008899	24	nn	0.037828	0.049780	5.625000	0.023065
CASE	991008909	36	bb	0.030909	0.039913	5.375000	0.015046
CASE	991008929	54	nn	0.004966	0.012286	-4.875000	0.005964
CASE	991008989	30	nn	0.019818	0.021941	7.125000	0.014555
CASE	991009129	83	bb	0.019061	0.015867	10.875000	0.005526
CASE	991009209	77	nn	0.031313	0.034714	11.062500	0.015494
CASE	991009299	79	bb	-0.008738	-0.010403	-2.312500	0.005936
CASE	991009389	86	nn	0.057900	0.068285	15.500000	0.018842
CASE	991009439	48	nn	0.001707	-0.001344	3.812500	0.005970
CASE	991009519	43	nn	0.064047	0.079499	13.687500	0.044855
CASE	991009639	75	nn	-0.011786	-0.017500	-0.250000	0.012287
CASE	991009669	20	nn	-0.015619	0.000000	-21.437500	0.219950
CASE	991009719	67	nn	-0.027552	-0.030360	-14.312500	0.003634
CASE	991009729	80	nn	0.023052	0.025588	7.312500	0.005552
CASE	991009809	75	nn	0.011053	0.014328	4.125000	0.010385
CASE	991009869	48	nn	0.009084	0.008100	4.750000	0.017970
CASE	991010239	74	nn	0.023718	0.026314	8.625000	0.032596
CASE	991010249	86	nn	-0.022833	-0.021945	-10.187500	0.008903
CASE	991010269	18	nn	-0.182990	-0.250000	-20.750000	0.104852
CASE	991010419	80	nn	-0.045256	-0.051195	-13.875000	0.007872
CASE	991010489	64	nn	-0.027665	-0.037890	-1.625000	0.018290
CASE	991010499	76	nn	-0.030554	-0.035810	-7.250000	0.023470
CASE	991010799	34	nn	0.048281	0.053780	15.500000	0.020204
CASE	991010869	18	bb	0.002914	0.000000	5.562500	0.000241
CASE	991010919	68	nn	0.030080	0.027364	24.562500	0.012968
CASE	991010999	62	nn	0.041213	0.044065	19.250000	0.009554
CASE	991011089	60	nn	-0.037953	-0.048363	-4.312500	0.020010
CASE	991011149	39	nn	0.031909	0.035501	10.062500	0.014270
CASE	991011159	49	nn	-0.015460	-0.016733	-6.187500	0.006842
CASE	991011189	79	nn	0.011503	0.015031	1.000000	0.012143
CASE	991011259	62	nn	0.000000	0.000000	0.000000	0.000000
CASE	991011279	79	bb	0.020157	0.025248	4.562500	0.008192
CASE	991011349	68	bb	-0.011922	-0.014101	-2.937500	0.005618
CASE	991011409	40	nn	-0.023942	-0.026531	-8.125000	0.017015
CASE	991011439	72	nn	-0.005231	-0.004151	-4.312500	0.003668
CASE	991011519	66	nn	0.039120	0.047294	9.687500	0.016081
CASE	991011619	80	bb	0.010515	0.010413	4.062500	0.006246
CASE	991011669	41	nn	0.013666	0.014947	5.687500	0.001485
CASE	991011759	44	nn	0.024394	0.021250	13.125000	0.040507
CASE	991011779	65	nn	0.001102	0.001132	0.437500	0.000019
CASE	991011899	13	bb	0.047853	0.062500	7.625000	0.099705
CASE	991011919	34	nn	-0.011627	-0.010709	-6.000000	0.009834
CASE	991011959	75	nn	0.005533	0.007054	0.687500	0.006141
CASE	991011969	86	nn	0.009301	0.006003	6.625000	0.008353
CASE	991012139	81	nn	-0.041434	-0.044308	-14.875000	0.022528
CASE	991012259	32	nn	0.013604	0.013952	5.937500	0.000945
CASE	991012269	39	nn	0.014970	0.019468	2.750000	0.015977
CASE	991012299	72	mixed	0.006360	0.011256	-1.250000	0.012132
CASE	991012309	81	nn	-0.004686	-0.001722	-4.500000	0.011107
CASE	991012399	86	nn	-0.025079	-0.026078	-8.625000	0.017992
CASE	991012469	67	nn	0.013464	0.016263	3.500000	0.023636
CASE	991012479	78	nn	0.000210	0.000181	0.937500	0.016162
CASE	991012569	81	nn	0.027497	0.033764	6.312500	0.009986
CASE	991012609	33	bb	0.007244	0.008466	2.250000	0.000450
CASE	991012639	64	nn	0.034359	0.036087	13.250000	0.005733
CASE	991012769	21	nn	0.262250	0.375000	14.500000	0.132233
CASE	991012829	86	bb	0.047884	0.052387	16.500000	0.006892
CASE	991012849	16	nn	0.018281	0.031250	-3.187500	0.039705
CASE	991012949	32	nn	-0.007973	-0.011895	-0.687500	0.001150
CASE	991013029	27	nn	-0.019003	-0.024882	-3.062500	0.017162
CASE	991013049	48	nn	-0.006509	-0.004933	-5.062500	0.006878
CASE	991013079	78	nn	-0.033227	-0.039588	-8.562500	0.013003
CASE	991013199	26	nn	-0.030154	-0.038050	-5.875000	0.026943
CASE	991013259	86	bb	-0.029574	-0.034605	-7.750000	0.013664
CASE	991013379	32	nn	-0.034674	-0.038752	-11.000000	0.002613
CASE	991013419	74	nn	-0.000575	-0.004493	2.687500	0.013748
CASE	991013439	8	nn	0.051791	0.062500	14.812500	0.032532
CASE	991013449	18	nn	-0.043038	-0.062500	-2.500000	0.107459
CASE	991013579	62	nn	-0.004874	0.001060	-8.125000	0.007388
CASE	991013919	57	nn	-0.031009	-0.030545	-13.375000	0.008380
CASE	991014009	60	bb	0.001803	0.002806	-0.125000	0.009721
CASE	991014119	86	nn	0.003936	0.006567	-0.562500	0.003087
CASE	991014169	48	nn	-0.014003	-0.021136	1.625000	0.012137
CASE	991014519	55	nn	-0.000460	0.001591	-2.062500	0.009966
CASE	991014609	60	nn	-0.078290	-0.090278	-22.875000	0.017132
CASE	991014629	76	nn	-0.023957	-0.032247	-1.750000	0.011719
CASE	991014879	72	nn	-0.049168	-0.060572	-11.000000	0.009920
CASE	991014929	36	nn	-0.013303	-0.027090	5.562500	0.024916
CASE	991014969	73	nn	0.017296	0.018298	6.312500	0.009888
CASE	991014979	86	bb	-0.021742	-0.021755	-9.250000	0.011077
CASE	991015109	43	nn	-0.035834	-0.047659	-4.750000	0.011217
CASE	991015139	72	bb	-0.003980	-0.003437	-2.125000	0.002424
CASE	991015209	56	nn	0.004873	0.003613	3.000000	0.010512
CASE	991015219	68	nn	-0.012841	-0.014488	-5.625000	0.006414
CASE	991015279	41	bb	0.018015	0.016352	10.625000	0.011189
CASE	991015309	71	nn	-0.027659	-0.029614	-10.562500	0.013640
CASE	991015369	40	nn	0.046152	0.052397	14.187500	0.021654
CASE	991015409	86	nn	-0.020507	-0.021495	-7.625000	0.007530
CASE	991015529	33	nn	-0.001126	-0.006530	3.937500	0.004977
CASE	991015559	58	nn	-0.028779	-0.034940	-8.250000	0.006309
CASE	991015569	74	nn	-0.052332	-0.055911	-17.437500	0.024060
CASE	991015639	56	nn	-0.063597	-0.076573	-16.125000	0.020061
CASE	991015719	52	bb	-0.029489	-0.036909	-6.375000	0.006123
CASE	991015789	32	nn	-0.023497	-0.028831	-5.000000	0.013753
CASE	991015839	86	nn	0.016217	0.018046	4.687500	0.018806
CASE	991015909	68	nn	-0.040608	-0.047519	-10.125000	0.010065
CASE	991015999	72	bb	-0.012820	-0.013047	-5.437500	0.006068
CASE	991016009	81	nn	0.001301	-0.002044	3.000000	0.011065
CASE	991016059	44	nn	-0.050160	-0.057865	-13.812500	0.014930
CASE	991016149	50	bb	0.002636	-0.000083	3.875000	0.005754
CASE	991016179	79	nn	-0.026657	-0.027986	-9.250000	0.014742
CASE	991016199	16	nn	0.046302	0.062500	8.250000	0.098310
CASE	991016229	42	bb	-0.011680	-0.015412	-1.875000	0.011815
CASE	991016239	56	nn	-0.060133	-0.075894	-12.625000	0.023334
CASE	991016269	86	nn	0.016995	0.016398	7.500000	0.009923
CASE	991016379	19	nn	0.045808	0.062500	5.125000	0.038448
CASE	991016569	41	nn	-0.015408	-0.022227	1.812500	0.015286
CASE	991016599	71	nn	-0.001853	0.002338	-4.875000	0.020269
CASE	991016719	20	nn	-0.001424	0.000000	-0.500000	0.000863
CASE	991016729	27	nn	-0.073965	-0.088365	-19.375000	0.017421
CASE	991016849	63	nn	0.029323	0.035976	6.625000	0.030631
CASE	991017009	50	nn	0.023732	0.024502	9.812500	0.005702
CASE	991017039	81	nn	0.002509	0.006784	-3.000000	0.007911
CASE	991017129	86	nn	-0.048371	-0.056776	-13.250000	0.008430
CASE	991017179	50	nn	-0.015132	-0.015144	-8.437500	0.001597
CASE	991017199	70	nn	0.007471	0.004584	6.500000	0.009873
CASE	991017339	33	bb	-0.001505	-0.001801	-0.375000	0.000025
CASE	991017359	58	nn	0.000391	0.001862	-1.375000	0.007798
CASE	991017469	79	bb	-0.038899	-0.044783	-12.437500	0.005406
CASE	991017499	25	bb	-0.014405	-0.017681	-3.125000	0.001362
CASE	991017599	40	nn	-0.030656	-0.040578	-1.875000	0.016784
CASE	991017719	74	nn	0.036489	0.040825	12.375000	0.011515
CASE	991017809	74	nn	0.007256	0.007063	4.437500	0.008836
CASE	991017879	61	nn	-0.016837	-0.008132	-15.500000	0.011589
CASE	991017949	45	nn	-0.020272	-0.028649	-1.312500	0.012248
CASE	991018049	59	nn	-0.021015	-0.021568	-8.750000	0.006610
CASE	991018059	69	bb	-0.020268	-0.020650	-8.625000	0.008710
CASE	991018069	78	bb	0.000667	0.000925	0.062500	0.006788
CASE	991018099	24	nn	0.032293	0.042174	5.750000	0.029489
CASE	991018119	42	nn	-0.033314	-0.042019	-6.500000	0.013638
CASE	991018159	84	nn	-0.022441	-0.026913	-5.375000	0.008490
CASE	991018169	3	nn	0.038611	0.062500	-4.062500	0.029634
CASE	991018189	26	nn	-0.016050	-0.021814	-1.812500	0.007919
CASE	991018259	11	nn	0.192427	0.250000	32.812500	0.112947
CASE	991018279	32	nn	-0.080010	-0.098277	-20.062500	0.013329
CASE	991018329	78	nn	-0.013895	-0.011380	-7.187500	0.011657
CASE	991018479	56	nn	-0.040622	-0.055638	-4.687500	0.007520
CASE	991018489	67	mixed	-0.036791	-0.038781	-13.437500	0.008508
CASE	991018499	80	bb	-0.032348	-0.035387	-10.750000	0.006805
CASE	991018619	28	nn	-0.020356	-0.025380	-4.000000	0.028223
CASE	991018709	31	nn	-0.010703	-0.015925	-0.375000	0.008587
CASE	991018849	86	nn	0.052259	0.051489	22.500000	0.027270
CASE	991018989	50	nn	-0.001580	-0.005099	0.937500	0.009363
CASE	991019009	69	nn	-0.025727	-0.024656	-13.437500	0.009406
CASE	991019019	81	bb	-0.058317	-0.066812	-17.500000	0.015212
CASE	991019099	77	nn	-0.014193	-0.019579	-0.562500	0.014677
CASE	991019359	74	nn	0.004209	0.007345	-1.187500	0.011713
CASE	991019399	32	nn	-0.012013	-0.015667	-1.937500	0.020005
CASE	991019489	37	nn	-0.031795	-0.042913	-4.125000	0.028474
CASE	991019529	76	nn	0.009360	0.012195	2.187500	0.007751
CASE	991019579	42	nn	0.011178	0.007416	14.687500	0.000849
CASE	991019709	86	bb	-0.005691	-0.002935	-5.000000	0.002281
CASE	991019929	45	bb	0.011302	0.016092	0.750000	0.003717
CASE	991020079	23	nn	0.083677	0.099706	21.250000	0.015348
CASE	991020099	46	bb	-0.026374	-0.027246	-10.875000	0.004967
CASE	991020119	60	nn	-0.023391	-0.030305	-4.062500	0.002152
CASE	991020159	20	nn	-0.181470	-0.250000	-18.312500	0.177860
CASE	991020309	80	nn	-0.043405	-0.048201	-16.687500	0.007936
CASE	991020369	54	bb	-0.039418	-0.040481	-16.500000	0.006858
CASE	991020389	76	nn	0.021621	0.030170	1.687500	0.013404
CASE	991020479	79	nn	-0.027387	-0.028399	-13.437500	0.005960
CASE	991020559	73	nn	-0.002924	-0.002187	-1.250000	0.010710
CASE	991020569	86	nn	-0.015692	-0.018758	-4.062500	0.003821
CASE	991020619	48	nn	0.020871	0.023076	7.812500	0.011570
CASE	991020669	13	bb	0.004356	0.000000	5.562500	0.000104
CASE	991020689	30	nn	-0.018817	-0.020536	-6.625000	0.009127
CASE	991020699	44	bb	0.019184	0.020173	8.375000	0.052559
CASE	991020729	71	nn	0.002292	0.004424	-1.125000	0.020425
CASE	991020949	34	nn	0.052017	0.066768	9.062500	0.014974
CASE	991021039	40	nn	-0.025847	-0.029371	-7.562500	0.017442
CASE	991021069	67	nn	0.010347	0.012088	2.687500	0.011867
CASE	991021119	31	nn	-0.051801	-0.065827	-10.375000	0.033061
CASE	991021139	52	bb	0.004552	0.005584	1.250000	0.000171
CASE	991021209	38	nn	0.002574	0.000638	2.750000	0.001456
CASE	991021499	66	nn	-0.005319	-0.005293	-2.437500	0.021276
CASE	991021679	76	nn	0.010232	0.013838	1.187500	0.008798
CASE	991021729	41	nn	0.005954	0.004253	4.000000	0.002674
CASE	991021749	61	nn	-0.036287	-0.036759	-14.500000	0.011382
CASE	991021759	71	bb	0.013014	0.013822	6.250000	0.001258
CASE	991021769	79	nn	0.013764	0.015223	9.187500	0.010482
CASE	991021839	63	bb	0.011003	0.014044	1.937500	0.008657
CASE	991021909	50	nn	-0.014073	-0.007857	-14.125000	0.015478
CASE	991021939	79	nn	-0.009816	-0.013563	-1.375000	0.012472
CASE	991021979	28	nn	0.005669	0.006497	1.937500	0.006455
CASE	991022129	9	nn	-0.132059	-0.187500	-8.562500	0.076616
CASE	991022209	5	nn	-0.043061	-0.062500	-1.812500	0.102291
CASE	991022229	24	nn	-0.015675	-0.025404	2.625000	0.013311
CASE	991022249	44	nn	-0.012493	-0.007436	-16.125000	0.002569
CASE	991022369	79	nn	-0.043147	-0.048414	-16.437500	0.010149
CASE	991022489	27	nn	-0.024100	-0.035292	-0.312500	0.035592
CASE	991022509	45	nn	-0.067170	-0.076143	-20.000000	0.012298
CASE	991022519	58	nn	0.020852	0.022251	3.812500	0.006705
CASE	991022539	76	nn	-0.002022	0.000997	-2.062500	0.027367
CASE	991022569	16	nn	-0.147766	-0.187500	-29.937500	0.087547
CASE	991022599	49	nn	0.000575	-0.001898	2.875000	0.005912
CASE	991022699	63	nn	-0.055505	-0.061980	-17.937500	0.020603
CASE	991022719	86	bb	-0.052951	-0.059803	-16.312500	0.008510
CASE	991022779	56	bb	-0.025108	-0.029634	-6.500000	0.003894
CASE	991022839	33	bb	-0.032209	-0.042892	-4.187500	0.035130
CASE	991022889	81	bb	0.024552	0.026092	9.125000	0.007384
CASE	991023019	42	nn	-0.035246	-0.041410	-11.000000	0.014348
CASE	991023039	60	nn	-0.044047	-0.053346	-11.000000	0.016243
CASE	991023149	86	nn	0.007841	0.008582	2.687500	0.006422
CASE	991023239	4	nn	0.008358	0.000000	14.250000	0.000196
CASE	991023269	33	bb	0.001979	0.001649	1.250000	0.000526
CASE	991023369	47	nn	-0.043659	-0.047874	-14.062500	0.012486
CASE	991023389	63	nn	0.001614	0.000997	1.875000	0.011351
CASE	991023479	71	nn	-0.014568	-0.019735	-1.125000	0.026213
CASE	991023489	81	nn	0.020926	0.022976	7.437500	0.006071
CASE	991023499	6	nn	-0.006384	0.000000	-8.562500	0.000145
CASE	991023509	15	nn	-0.063015	-0.093750	0.375000	0.114268
CASE	991023579	86	nn	0.023065	0.028103	5.500000	0.017046
CASE	991023639	56	mixed	-0.013562	-0.018929	-1.000000	0.018451
CASE	991023649	69	nn	-0.024515	-0.033635	-2.062500	0.023225
CASE	991023749	81	nn	0.014850	0.011991	9.437500	0.007920
CASE	991023829	76	nn	-0.010933	-0.011524	-3.937500	0.008499
CASE	991023989	63	nn	-0.009462	-0.009995	-4.000000	0.002992
CASE	991024029	18	nn	-0.027734	-0.031250	-10.625000	0.046067
CASE	991024059	48	nn	0.036773	0.033311	18.500000	0.009430
CASE	991024149	52	nn	-0.021583	-0.025491	-5.625000	0.011704
CASE	991024179	80	nn	-0.003921	-0.003119	-2.687500	0.011660
CASE	991024189	6	nn	-0.034641	-0.062500	10.437500	0.033924
CASE	991024249	66	nn	0.000413	-0.003191	2.625000	0.008416
CASE	991024279	10	nn	0.067924	0.062500	33.812500	0.102065
CASE	991024289	22	nn	0.048384	0.036426	31.875000	0.018319
CASE	991024399	44	nn	0.003158	0.000755	2.500000	0.013732
CASE	991024499	54	nn	-0.082094	-0.094647	-23.562500	0.008013
CASE	991024509	70	nn	-0.068570	-0.083200	-17.437500	0.020268
CASE	991024579	52	nn	-0.011634	-0.008002	-7.500000	0.027849
CASE	991024659	48	mixed	-0.041288	-0.038896	-19.687500	0.016974
CASE	991024749	51	nn	-0.014956	-0.018783	-3.000000	0.008967
CASE	991024869	86	nn	-0.012743	-0.028107	7.062500	0.008950
CASE	991025019	62	nn	-0.029551	-0.034814	-8.062500	0.011454
CASE	991025029	72	bb	-0.005998	-0.008141	0.687500	0.005641
CASE	991025039	81	nn	-0.035554	-0.039348	-14.312500	0.012436
CASE	991025099	55	nn	0.008498	0.009549	4.437500	0.003886
CASE	991025149	22	nn	-0.046249	-0.057487	-10.562500	0.046266
CASE	991025279	63	nn	0.068238	0.083341	14.562500	0.030222
CASE	991025379	79	nn	-0.003007	-0.001401	-2.812500	0.003495
CASE	991025409	21	bb	0.100480	0.125000	24.812500	0.067612
CASE	991025419	30	bb	-0.002358	0.000392	-5.250000	0.000290
CASE	991025429	44	bb	-0.005867	-0.007948	-0.750000	0.000566
CASE	991025459	71	nn	-0.031195	-0.039262	-7.062500	0.008958
CASE	991025619	59	nn	-0.043443	-0.052329	-11.375000	0.013969
CASE	991025699	52	nn	0.025720	0.034455	3.312500	0.025284
CASE	991025729	86	nn	-0.002241	-0.001567	-1.500000	0.007700
CASE	991025859	41	nn	-0.012966	-0.014725	-4.312500	0.006859
CASE	991025869	52	nn	-0.031663	-0.031320	-14.812500	0.017875
CASE	991026109	30	nn	0.007027	0.001664	7.437500	0.026550
CASE	991026139	62	nn	-0.044250	-0.050652	-13.187500	0.010542
CASE	991026239	78	bb	0.016039	0.017339	5.500000	0.006295
CASE	991026329	81	nn	-0.010261	-0.013961	-1.625000	0.012008
CASE	991026469	52	nn	0.038299	0.046827	8.500000	0.028486
CASE	991026479	61	nn	-0.002813	-0.006265	1.812500	0.005509
CASE	991026499	81	bb	0.025957	0.019611	18.062500	0.021247
CASE	991026659	69	nn	0.030862	0.034880	9.625000	0.011964
CASE	991026669	79	nn	-0.052607	-0.060361	-15.250000	0.009370
CASE	991026729	54	nn	0.073075	0.087230	18.437500	0.019885
CASE	991026749	73	nn	-0.009734	-0.011697	-1.062500	0.005318
CASE	991026799	36	nn	-0.017263	-0.020908	-4.000000	0.022026
CASE	991026939	4	nn	0.037811	0.062500	-5.750000	0.096852
CASE	991027019	86	nn	0.008168	0.004773	6.062500	0.012826
CASE	991027049	27	bb	-0.041934	-0.054313	-7.062500	0.006231
CASE	991027089	64	nn	0.029632	0.033343	9.312500	0.023174
CASE	991027189	81	nn	0.020725	0.024184	5.812500	0.008425
CASE	991027219	28	nn	0.013216	0.006655	15.687500	0.001505
CASE	991027339	62	nn	0.001962	0.004946	-1.750000	0.004479
CASE	991027409	44	nn	0.022234	0.024907	8.187500	0.005645
CASE	991027449	86	bb	0.045062	0.048180	15.375000	0.008825
CASE	991027509	60	nn	-0.022046	-0.033717	0.500000	0.014078
CASE	991027529	79	nn	0.009641	0.007195	7.812500	0.012386
CASE	991027599	64	nn	-0.030600	-0.038138	-6.062500	0.013926
CASE	991027609	70	bb	-0.017311	-0.022497	-2.812500	0.006785
CASE	991027829	32	nn	0.014620	0.013111	9.375000	0.003333
CASE	991027869	72	nn	-0.032786	-0.039766	-6.625000	0.021066
CASE	991027879	86	nn	-0.007171	-0.008911	-1.812500	0.010238
CASE	991027909	29	bb	0.005784	0.006749	1.687500	0.006202
CASE	991028049	83	nn	0.030284	0.031091	12.562500	0.008580
CASE	991028089	38	nn	0.007541	0.008979	-0.250000	0.010077
CASE	991028279	56	nn	-0.000123	0.002376	-5.000000	0.001341
CASE	991028289	65	nn	-0.027687	-0.030291	-8.937500	0.011263
CASE	991028449	53	nn	-0.037115	-0.047601	-6.750000	0.008057
CASE	991028519	32	nn	-0.004398	-0.005508	-0.687500	0.012290
CASE	991028539	57	nn	-0.010170	-0.009506	-5.000000	0.011640
CASE	991028739	86	bb	-0.012435	-0.017221	-1.250000	0.007866
CASE	991028749	4	nn	-0.010642	0.000000	-19.625000	0.000813
CASE	991028809	70	nn	0.021243	0.023956	8.812500	0.022102
CASE	991029119	35	nn	0.022207	0.019530	10.687500	0.009724
CASE	991029169	86	nn	0.011669	0.012806	3.875000	0.007850
CASE	991029209	39	nn	0.000733	0.000104	1.375000	0.000004
CASE	991029219	46	nn	0.012084	0.019528	-1.750000	0.006308
CASE	991029259	1	nn	-0.006767	0.000000	-12.437500	0.000055
CASE	991029299	44	nn	0.000259	0.003657	-2.937500	0.006297
CASE	991029329	73	nn	0.044040	0.052975	11.812500	0.008604
CASE	991029369	26	nn	-0.022090	-0.025431	-5.687500	0.006601
CASE	991029409	64	nn	0.003349	0.002079	2.500000	0.000754
CASE	991029489	61	nn	-0.038034	-0.042744	-11.375000	0.015580
CASE	991029499	70	nn	0.007788	0.006429	4.562500	0.007987
CASE	991029649	50	nn	-0.038693	-0.043185	-12.375000	0.010377
CASE	991029679	75	nn	-0.017070	-0.019471	-5.062500	0.020173
CASE	991029749	62	bb	-0.032596	-0.036631	-10.375000	0.004949
CASE	991029899	40	nn	-0.029081	-0.037939	-4.625000	0.007194
CASE	991029939	79	nn	0.050168	0.054118	17.312500	0.024428
CASE	991029959	15	nn	0.089622	0.125000	7.625000	0.126724
CASE	991030059	27	nn	-0.017578	-0.023736	-1.187500	0.001434
CASE	991030149	32	nn	-0.054956	-0.065414	-14.000000	0.014531
CASE	991030199	81	nn	0.021362	0.024513	6.625000	0.021528
CASE	991030239	33	nn	0.009507	0.012013	1.750000	0.049051
CASE	991030319	32	nn	0.043645	0.043920	20.437500	0.006525
CASE	991030349	59	nn	0.043438	0.050317	11.562500	0.021774
CASE	991030409	35	nn	0.009289	0.006192	7.875000	0.008064
CASE	991030459	86	nn	-0.060777	-0.070207	-17.062500	0.014032
CASE	991030549	1	nn	-0.003384	0.000000	-4.750000	0.000003
CASE	991030569	22	nn	-0.081985	-0.100923	-18.000000	0.012150
CASE	991030779	59	nn	-0.042399	-0.041900	-17.812500	0.006043
CASE	991030799	81	nn	0.001268	-0.001101	3.250000	0.010925
CASE	991030829	26	nn	-0.005747	-0.001553	-7.250000	0.001339
CASE	991030859	54	nn	-0.013791	-0.015453	-4.125000	0.015582
CASE	991030939	47	nn	0.032594	0.038963	8.187500	0.004428
CASE	991031039	63	nn	-0.046260	-0.054651	-12.187500	0.015545
CASE	991031049	73	nn	0.008390	0.009680	2.375000	0.004300
CASE	991031189	42	nn	-0.030977	-0.034890	-9.250000	0.024107
CASE	991031199	47	nn	-0.011478	-0.006700	-10.000000	0.014605
CASE	991031229	79	bb	0.002293	0.007279	-3.562500	0.008190
CASE	991031449	41	bb	-0.001954	-0.002736	-0.312500	0.001556
CASE	991031559	65	bb	0.005752	0.004640	3.875000	0.000656
CASE	991031619	36	nn	-0.063733	-0.077298	-15.437500	0.014726
CASE	991031649	72	nn	0.005324	0.008229	0.312500	0.012612
CASE	991031679	15	nn	0.001814	0.000000	3.937500	0.000811
CASE	991031739	70	nn	0.000037	-0.001513	1.437500	0.006011
CASE	991031749	86	nn	0.038991	0.038452	16.625000	0.008914
CASE	991031799	49	nn	-0.004491	-0.005674	-0.437500	0.006675
CASE	991031829	78	nn	0.039675	0.050025	9.062500	0.016556
CASE	991031909	71	nn	-0.015081	-0.026772	6.312500	0.009453
CASE	991031979	56	nn	0.007773	0.005835	5.000000	0.016158
CASE	991032029	21	bb	-0.002434	0.000000	-4.625000	0.000528
CASE	991032059	52	nn	-0.031865	-0.036990	-9.125000	0.017710
CASE	991032069	58	nn	-0.009729	-0.011000	-2.875000	0.005010
CASE	991032139	41	nn	0.009799	0.012391	1.875000	0.005698
CASE	991032259	80	nn	-0.024139	-0.026207	-8.687500	0.014729
CASE	991032349	82	nn	0.057822	0.063728	20.750000	0.017370
CASE	991032379	23	nn	-0.033195	-0.034914	-12.375000	0.019428
CASE	991032399	46	nn	-0.033219	-0.040587	-7.875000	0.012339
CASE	991032409	56	bb	-0.009308	-0.010556	-3.562500	0.001402
CASE	991032549	22	nn	0.007487	0.019931	-8.375000	0.013390
CASE	991032559	33	nn	-0.017645	-0.019642	-7.062500	0.007109
CASE	991032669	60	bb	0.027222	0.030108	9.062500	0.004793
CASE	991032689	75	bb	0.027902	0.031979	9.125000	0.013587
CASE	991033029	73	nn	-0.068491	-0.081628	-18.562500	0.023008
CASE	991033069	29	bb	0.007075	0.006087	4.125000	0.001119
CASE	991033089	47	bb	-0.007543	-0.011871	0.562500	0.002690
CASE	991033169	40	nn	-0.037871	-0.053445	-3.375000	0.015032
CASE	991033199	73	bb	0.050248	0.059955	13.937500	0.017380
CASE	991033309	9	nn	-0.043383	-0.062500	-2.312500	0.098440
CASE	991033419	36	nn	-0.033374	-0.037372	-10.812500	0.011847
CASE	991033459	74	nn	-0.006964	-0.005712	-4.562500	0.005897
CASE	991033539	67	bb	0.004752	0.004697	1.562500	0.001533
CASE	991033549	79	nn	0.011798	0.012675	4.875000	0.006232
CASE	991033629	72	nn	-0.013731	-0.018210	-2.125000	0.010120
CASE	991033799	71	nn	-0.015699	-0.019290	-4.187500	0.011005
CASE	991033899	86	nn	-0.022633	-0.027707	-5.187500	0.013100
CASE	991033949	45	nn	0.071756	0.087118	16.937500	0.014803
CASE	991033959	59	nn	0.000093	-0.006952	7.250000	0.006371
CASE	991034039	51	nn	0.015735	0.024136	-1.750000	0.015329
CASE	991034089	18	nn	-0.089669	-0.125000	-7.812500	0.133076
CASE	991034129	56	nn	0.038310	0.047690	8.187500	0.009068
CASE	991034149	78	nn	0.008636	0.005628	7.625000	0.022222
CASE	991034229	70	bb	-0.000734	0.002504	-2.187500	0.004593
CASE	991034239	79	bb	0.051049	0.061258	11.875000	0.021408
CASE	991034319	76	nn	0.060325	0.074860	14.250000	0.019933
CASE	991034379	45	bb	-0.007440	-0.005877	-4.562500	0.005635
CASE	991034409	79	nn	-0.009766	-0.015906	0.812500	0.004211
CASE	991034469	51	nn	0.021024	0.020369	10.687500	0.011645
CASE	991034489	73	nn	-0.016297	-0.020560	-3.812500	0.008039
CASE	991034529	27	nn	-0.037934	-0.048868	-8.062500	0.018148
CASE	991034539	35	nn	0.036447	0.039988	15.500000	0.007511
CASE	991034649	60	bb	-0.004097	-0.003193	-2.500000	0.000143
CASE	991034669	79	nn	0.007149	0.004875	6.562500	0.001726
CASE	991034699	20	nn	-0.002143	0.000000	-4.125000	0.070236
CASE	991034739	66	nn	-0.075821	-0.086307	-23.562500	0.008427
CASE	991034759	86	nn	0.027255	0.032006	7.375000	0.019776
CASE	991034879	34	nn	0.008782	0.009075	4.062500	0.007206
CASE	991034969	34	bb	-0.015436	-0.024697	3.000000	0.031926
CASE	991035049	32	nn	0.007665	0.000979	10.750000	0.006655
CASE	991035089	68	nn	0.026893	0.031503	10.000000	0.017014
CASE	991035099	81	nn	0.010839	0.010397	6.375000	0.007294
CASE	991035179	71	nn	0.013585	0.015069	6.062500	0.011486
CASE	991035239	49	nn	0.036926	0.041756	12.875000	0.027150
CASE	991035279	4	nn	0.000000	0.000000	0.000000	0.000000
CASE	991035349	74	bb	-0.039978	-0.040788	-16.625000	0.020860
CASE	991035399	33	nn	0.010682	0.000086	15.562500	0.017254
CASE	991035579	46	nn	-0.021624	-0.016073	-23.375000	0.000627
CASE	991035659	39	nn	0.041212	0.051696	8.187500	0.016492
CASE	991035769	62	nn	0.055116	0.067892	12.437500	0.018563
CASE	991035809	17	nn	0.087218	0.125000	3.750000	0.143616
CASE	991035889	10	nn	0.006808	0.000000	23.250000	0.000078
CASE	991035929	50	nn	-0.084113	-0.094052	-27.062500	0.013264
CASE	991035939	61	nn	0.007323	0.009906	0.562500	0.010933
CASE	991036239	16	bb	-0.096664	-0.125000	-17.437500	0.129535
CASE	991036269	47	nn	0.037109	0.044979	7.875000	0.010919
CASE	991036349	37	nn	-0.023190	-0.030194	-4.750000	0.017841
CASE	991036389	80	bb	0.005248	0.004180	3.062500	0.011201
CASE	991036479	86	bb	-0.005500	-0.005157	-2.125000	0.004065
CASE	991036549	67	nn	-0.011899	-0.016204	-2.062500	0.019924
CASE	991036649	79	nn	-0.050732	-0.054965	-22.312500	0.004509
CASE	991036679	27	nn	-0.001169	0.002818	-9.687500	0.000604
CASE	991036819	79	nn	-0.028402	-0.031208	-9.437500	0.017145
CASE	991036879	51	nn	0.063548	0.077277	14.625000	0.020938
CASE	991037079	79	nn	-0.014892	-0.014400	-8.750000	0.005054
CASE	991037089	5	bb	0.000570	0.000000	0.875000	0.000002
CASE	991037159	78	nn	0.016447	0.015984	7.125000	0.015520
CASE	991037209	41	nn	0.030498	0.035200	9.375000	0.007324
CASE	991037219	51	nn	-0.034976	-0.038563	-11.875000	0.011790
CASE	991037249	80	nn	-0.038192	-0.044355	-10.312500	0.025350
CASE	991037339	86	nn	-0.051197	-0.055575	-18.437500	0.006008
CASE	991037379	40	bb	0.012807	0.015130	3.562500	0.002325
CASE	991037389	49	nn	0.005441	0.005414	2.312500	0.004237
CASE	991037409	67	nn	0.018622	0.020144	6.375000	0.020121
CASE	991037449	21	nn	-0.001940	0.000000	-2.687500	0.077474
CASE	991037609	7	nn	-0.005588	0.000000	-15.375000	0.000162
CASE	991037649	51	nn	-0.002797	-0.001668	-3.625000	0.008995
CASE	991037709	24	nn	-0.004605	-0.004993	-1.187500	0.002441
CASE	991037769	86	bb	-0.041020	-0.046911	-12.437500	0.012485
CASE	991037789	14	nn	-0.012149	0.000000	-27.250000	0.000140
CASE	991037819	46	nn	0.023831	0.031127	3.937500	0.034798
CASE	991037929	74	nn	0.011981	0.011457	5.000000	0.007312
CASE	991037999	54	nn	0.017698	0.011613	13.437500	0.015157
CASE	991038089	61	nn	0.035807	0.040667	10.937500	0.014265
CASE	991038109	81	nn	-0.005981	-0.010497	0.875000	0.005924
CASE	991038179	66	nn	0.018186	0.021569	4.750000	0.006067
CASE	991038269	69	nn	0.070651	0.079339	22.562500	0.028211
CASE	991038509	50	nn	0.034914	0.041111	10.000000	0.009346
CASE	991038549	4	nn	-0.002046	0.000000	-3.687500	0.000365
CASE	991038589	45	bb	0.013870	0.013894	6.750000	0.002394
CASE	991038649	19	nn	-0.015087	-0.031250	7.000000	0.110677
CASE	991038739	23	nn	0.000082	-0.002516	2.875000	0.002150
CASE	991038779	58	bb	-0.028603	-0.036582	-6.687500	0.025424
CASE	991038799	81	nn	0.009516	0.010556	3.812500	0.014386
CASE	991038919	26	nn	-0.003028	0.000081	-9.625000	0.000369
CASE	991038969	81	nn	0.004228	0.005138	1.312500	0.010073
CASE	991038989	13	nn	0.008967	0.000000	10.687500	0.000559
CASE	991039059	86	nn	0.037952	0.041766	12.500000	0.020206
CASE	991039169	19	nn	-0.090921	-0.125000	-10.312500	0.058239
CASE	991039209	61	nn	0.006630	0.001274	6.937500	0.005819
CASE	991039489	86	nn	0.002261	0.002193	1.000000	0.007980
CASE	991039549	57	nn	0.020900	0.021663	8.375000	0.014030
CASE	991039559	68	nn	0.004217	0.010670	-5.125000	0.006520
CASE	991039639	58	nn	-0.019647	-0.020602	-9.875000	0.005337
CASE	991039659	84	nn	-0.072878	-0.084087	-21.562500	0.009689
CASE	991039699	38	nn	0.007923	0.009906	2.000000	0.008579
CASE	991039789	39	nn	0.001776	0.004654	-1.687500	0.007490
CASE	991039829	79	bb	-0.026853	-0.031106	-7.562500	0.006865
CASE	991039989	67	nn	-0.002422	-0.004249	0.687500	0.005761
CASE	991039999	74	nn	-0.010526	-0.012295	-3.937500	0.001789
POS	3919	586
