CASE	991000006	72	nn	-0.026059	-0.029167	-13.375000	0.006684
CASE	991000056	38	nn	-0.007115	-0.003658	-8.750000	0.003984
CASE	991000086	69	nn	0.032855	0.036507	10.250000	0.016263
CASE	991000176	73	nn	-0.022300	-0.026100	-6.312500	0.006131
CASE	991000216	29	nn	0.082377	0.095448	23.312500	0.016697
CASE	991000316	39	bb	0.014816	0.017638	4.250000	0.004167
CASE	991000386	26	nn	0.064105	0.086284	7.125000	0.039696
CASE	991000506	57	nn	0.011030	0.005525	13.187500	0.009072
CASE	991000516	70	nn	0.026359	0.024716	12.312500	0.025730
CASE	991000576	44	nn	-0.008702	-0.011708	-1.125000	0.008841
CASE	991000856	65	nn	-0.022474	-0.026630	-6.312500	0.009085
CASE	991000866	74	nn	-0.000354	-0.000888	-0.062500	0.015258
CASE	991001016	49	bb	0.001126	0.000804	0.375000	0.007249
CASE	991001096	49	nn	0.032837	0.033260	12.750000	0.016372
CASE	991001166	30	mixed	-0.000678	0.014445	-13.562500	0.022635
CASE	991001366	55	nn	0.010485	0.007127	12.125000	0.001539
CASE	991001416	25	nn	-0.072208	-0.078924	-27.062500	0.037881
CASE	991001466	75	nn	0.012617	0.012752	4.312500	0.006784
CASE	991001516	37	nn	-0.003668	-0.002501	-3.375000	0.001202
CASE	991001586	19	bb	-0.001551	0.000000	-2.125000	0.000174
CASE	991001596	31	nn	-0.016887	-0.015301	-13.375000	0.012572
CASE	991001626	61	bb	0.000247	0.001167	-0.875000	0.003887
CASE	991001676	27	bb	-0.030925	-0.040069	-4.875000	0.006928
CASE	991001726	77	bb	-0.014074	-0.016728	-3.687500	0.006614
CASE	991001806	67	nn	-0.021012	-0.020705	-9.437500	0.013273
CASE	991001856	32	nn	-0.011181	-0.013643	-1.625000	0.002633
CASE	991001876	52	nn	-0.010365	-0.013019	-0.875000	0.025927
CASE	991001906	81	bb	0.008785	0.008816	3.812500	0.003600
CASE	991002056	63	nn	-0.010727	-0.005165	-10.500000	0.007287
CASE	991002066	71	nn	0.012935	0.011488	6.750000	0.012687
CASE	991002086	5	nn	-0.002799	0.000000	-3.875000	0.000544
CASE	991002116	36	nn	-0.054742	-0.063936	-17.750000	0.018402
CASE	991002126	43	bb	-0.006892	-0.002666	-10.375000	0.000428
CASE	991002226	58	bb	-0.015700	-0.015958	-7.000000	0.002015
CASE	991002406	68	bb	0.020334	0.022575	6.562500	0.009607
CASE	991002446	18	bb	0.081949	0.125000	-2.312500	0.201882
CASE	991002506	82	mixed	-0.025684	-0.021527	-14.812500	0.016351
CASE	991002646	51	bb	-0.000563	-0.000352	-0.500000	0.007603
CASE	991002676	79	nn	-0.025341	-0.032365	-4.375000	0.008575
CASE	991002826	54	bb	0.001313	0.000458	2.312500	0.003358
CASE	991002886	31	nn	0.006026	0.004305	4.625000	0.012812
CASE	991003096	71	nn	0.021928	0.022774	9.500000	0.005830
CASE	991003106	81	nn	0.051292	0.061101	14.250000	0.032246
CASE	991003196	81	nn	-0.047472	-0.062598	-7.500000	0.014418
CASE	991003276	79	nn	-0.016301	-0.016625	-6.687500	0.004629
CASE	991003296	12	nn	0.047363	0.062500	7.000000	0.034400
CASE	991003426	55	nn	0.013124	0.022039	-5.312500	0.025148
CASE	991003486	31	nn	-0.023929	-0.024528	-9.437500	0.019881
CASE	991003706	79	bb	-0.011373	-0.013857	-2.750000	0.000992
CASE	991003776	63	nn	-0.014410	-0.016202	-6.437500	0.025704
CASE	991003916	30	bb	-0.000825	-0.001077	-0.125000	0.000004
CASE	991003956	69	nn	0.018621	0.023616	4.375000	0.009788
CASE	991003986	14	nn	0.058047	0.062500	21.812500	0.102494
CASE	991004046	74	nn	0.029327	0.040101	1.937500	0.019250
CASE	991004106	48	bb	-0.010419	-0.013911	-1.250000	0.006423
CASE	991004176	30	nn	-0.054509	-0.058062	-19.812500	0.009947
CASE	991004186	42	nn	0.041063	0.049789	10.125000	0.015966
CASE	991004206	60	nn	0.029108	0.032336	9.375000	0.004536
CASE	991004436	31	nn	-0.021056	-0.028250	-3.625000	0.024187
CASE	991004536	49	nn	0.031861	0.027042	20.812500	0.003152
CASE	991004636	61	nn	-0.007211	-0.012024	1.562500	0.007986
CASE	991004726	67	nn	-0.014308	-0.015596	-4.937500	0.022484
CASE	991004846	15	nn	0.000583	0.000000	0.625000	0.000107
CASE	991004866	32	nn	0.075272	0.092516	16.687500	0.019809
CASE	991004976	55	nn	0.037280	0.035563	19.500000	0.011849
CASE	991005066	63	bb	-0.005277	-0.007102	0.625000	0.010361
CASE	991005086	79	nn	0.021156	0.025743	3.812500	0.008883
CASE	991005116	27	bb	-0.026907	-0.035399	-4.062500	0.034711
CASE	991005146	56	bb	-0.022408	-0.024606	-6.937500	0.018569
CASE	991005246	69	nn	-0.026300	-0.029437	-8.937500	0.003361
CASE	991005306	45	nn	-0.008308	-0.005906	-6.750000	0.001654
CASE	991005316	53	nn	-0.040037	-0.043633	-15.625000	0.004036
CASE	991005336	75	nn	0.061571	0.070534	21.875000	0.009018
CASE	991005346	79	nn	-0.021743	-0.021152	-10.250000	0.017362
CASE	991005426	79	nn	0.044636	0.042707	19.937500	0.014837
CASE	991005556	37	bb	-0.032002	-0.037315	-9.062500	0.003987
CASE	991005586	67	nn	-0.014357	-0.016533	-7.687500	0.022684
CASE	991005626	20	bb	-0.000506	0.000000	-1.062500	0.144079
CASE	991005656	50	nn	0.002681	0.002800	1.687500	0.005464
CASE	991005856	73	nn	0.009918	0.010016	4.812500	0.000818
CASE	991005976	24	nn	0.044110	0.051421	13.125000	0.018907
CASE	991006026	74	nn	0.037580	0.038219	17.437500	0.016012
CASE	991006086	51	nn	0.019046	0.033382	-5.125000	0.008663
CASE	991006116	78	bb	-0.030125	-0.037267	-5.937500	0.011690
CASE	991006166	45	bb	-0.018140	-0.020959	-6.312500	0.024942
CASE	991006186	63	nn	0.007956	0.009888	2.125000	0.011617
CASE	991006206	81	nn	-0.015540	-0.010817	-10.562500	0.007998
CASE	991006226	19	nn	-0.142217	-0.187500	-22.500000	0.157458
CASE	991006276	67	nn	0.015631	0.016410	5.937500	0.007172
CASE	991006376	81	nn	0.017980	0.020216	5.000000	0.018493
CASE	991006386	2	nn	-0.177810	-0.250000	-11.625000	0.110379
CASE	991006446	65	nn	-0.004474	0.001100	-6.187500	0.007331
CASE	991006536	68	nn	-0.030588	-0.032734	-11.625000	0.014796
CASE	991006606	55	bb	0.011516	0.014171	2.875000	0.003262
CASE	991006626	71	nn	-0.027617	-0.033779	-9.000000	0.011700
CASE	991006636	83	nn	0.028447	0.041408	1.562500	0.010088
CASE	991006656	13	nn	-0.002180	0.000000	-2.562500	0.000953
CASE	991006946	50	nn	-0.040027	-0.038759	-20.000000	0.013842
CASE	991007026	40	nn	0.002429	-0.001587	5.062500	0.015089
CASE	991007066	81	nn	-0.042007	-0.048456	-11.500000	0.011624
CASE	991007216	62	nn	0.015355	0.024637	-2.312500	0.011591
CASE	991007226	73	nn	-0.034881	-0.037582	-16.625000	0.013888
CASE	991007256	14	nn	0.006282	0.000000	8.000000	0.092223
CASE	991007266	26	nn	-0.005226	-0.006689	-0.937500	0.000437
CASE	991007306	66	nn	0.008631	0.009242	3.312500	0.026694
CASE	991007316	71	nn	-0.014902	-0.020514	1.625000	0.013344
CASE	991007386	58	nn	-0.017093	-0.018540	-8.125000	0.013127
CASE	991007476	65	nn	-0.026414	-0.035692	-3.500000	0.019895
CASE	991007556	57	bb	-0.017153	-0.020999	-3.812500	0.009991
CASE	991007566	63	nn	-0.062379	-0.076179	-16.812500	0.011778
CASE	991007646	61	bb	0.036285	0.042886	10.125000	0.007944
CASE	991007726	56	bb	-0.029467	-0.037224	-5.500000	0.006883
CASE	991007916	72	nn	-0.011115	-0.013260	-3.062500	0.004156
CASE	991008066	53	bb	0.005023	0.004643	2.500000	0.012042
CASE	991008086	73	nn	0.015714	0.018406	5.375000	0.017522
CASE	991008096	81	nn	-0.027727	-0.029972	-9.750000	0.018554
CASE	991008156	56	bb	0.003499	0.004721	0.437500	0.001628
CASE	991008176	77	mixed	-0.072402	-0.067536	-33.625000	0.005179
CASE	991008216	31	nn	-0.022896	-0.029611	-4.437500	0.030583
CASE	991008226	40	nn	0.055296	0.059871	19.000000	0.019670
CASE	991008286	15	nn	0.140196	0.187500	18.500000	0.152317
CASE	991008326	52	nn	-0.047961	-0.054337	-17.750000	0.009264
CASE	991008446	3	bb	-0.000502	0.000000	-3.187500	0.000010
CASE	991008526	83	nn	-0.020288	-0.013425	-15.187500	0.007645
CASE	991008646	30	nn	0.003752	0.003307	1.875000	0.000301
CASE	991008656	36	nn	0.029334	0.038734	3.500000	0.012241
CASE	991008686	71	nn	0.013970	0.011954	8.875000	0.038520
CASE	991008776	75	bb	-0.034464	-0.043963	-7.312500	0.007396
CASE	991008836	49	nn	0.029104	0.031324	10.875000	0.024106
CASE	991008846	55	nn	-0.018435	-0.017728	-11.000000	0.002761
CASE	991008956	81	nn	-0.035407	-0.040510	-10.187500	0.010436
CASE	991009146	14	nn	-0.044680	-0.062500	-3.687500	0.032578
CASE	991009196	62	bb	-0.041623	-0.054312	-7.187500	0.008495
CASE	991009216	81	nn	-0.008594	-0.009857	-2.312500	0.009143
CASE	991009246	29	nn	-0.005484	-0.003744	-7.250000	0.000460
CASE	991009276	58	nn	-0.015907	-0.018008	-4.875000	0.019244
CASE	991009376	71	bb	-0.047767	-0.058023	-10.875000	0.007846
CASE	991009466	74	nn	0.009487	0.006240	4.750000	0.007485
CASE	991009606	44	bb	-0.011731	-0.010804	-5.625000	0.002445
CASE	991009676	28	nn	0.041936	0.058813	3.125000	0.009646
CASE	991009686	38	nn	-0.034094	-0.032988	-18.750000	0.011318
CASE	991009756	21	nn	0.024377	0.031250	4.437500	0.008021
CASE	991009806	70	nn	0.028885	0.032242	11.000000	0.004945
CASE	991009886	63	nn	-0.027817	-0.036703	-4.125000	0.019139
CASE	991009956	48	nn	-0.011685	-0.011962	-5.625000	0.014877
CASE	991009976	67	nn	0.056651	0.060828	20.687500	0.011463
CASE	991010076	81	bb	-0.001780	-0.003241	0.062500	0.009395
CASE	991010156	79	mixed	-0.008461	-0.004972	-6.312500	0.008162
CASE	991010186	17	nn	-0.052826	-0.062500	-22.687500	0.034508
CASE	991010196	27	nn	-0.038991	-0.051953	-5.562500	0.012941
CASE	991010206	41	bb	0.017841	0.018976	9.375000	0.004373
CASE	991010276	24	bb	0.001194	0.000941	0.750000	0.000069
CASE	991010286	34	nn	-0.014697	-0.016368	-5.187500	0.012143
CASE	991010376	38	nn	0.034746	0.042808	7.750000	0.020707
CASE	991010396	61	nn	-0.035645	-0.040998	-10.562500	0.019158
CASE	991010466	45	nn	0.052545	0.063329	12.750000	0.022664
CASE	991010496	74	nn	-0.044759	-0.051498	-15.250000	0.019510
CASE	991010656	60	bb	0.002578	0.002806	0.875000	0.000120
CASE	991010666	67	bb	0.027444	0.030675	8.750000	0.003027
CASE	991010826	59	nn	-0.048348	-0.053984	-16.187500	0.019777
CASE	991010836	71	nn	0.005128	0.001391	4.937500	0.006437
CASE	991010916	64	nn	0.024397	0.032480	3.875000	0.023712
CASE	991011006	67	nn	0.015606	0.012062	9.875000	0.003487
CASE	991011016	73	nn	0.016410	0.020543	3.625000	0.015410
CASE	991011076	47	bb	-0.060066	-0.073261	-14.062500	0.016205
CASE	991011226	30	nn	-0.003565	-0.007243	4.375000	0.003168
CASE	991011326	42	nn	-0.036079	-0.041544	-12.875000	0.007629
CASE	991011356	74	bb	0.007360	0.006711	4.250000	0.003822
CASE	991011466	11	nn	0.077291	0.093750	19.375000	0.176260
CASE	991011496	43	nn	0.012496	0.013466	4.312500	0.010866
CASE	991011526	72	nn	0.012946	0.014681	4.375000	0.001032
CASE	991011766	55	nn	-0.039716	-0.036184	-19.812500	0.017355
CASE	991011786	72	nn	-0.023156	-0.026452	-6.062500	0.007551
CASE	991011796	81	bb	0.011158	0.011813	3.875000	0.001544
CASE	991011816	19	bb	0.061618	0.062500	28.312500	0.035555
CASE	991011876	79	nn	-0.023459	-0.025537	-10.375000	0.005135
CASE	991011946	62	mixed	-0.047563	-0.051246	-20.500000	0.006955
CASE	991012046	74	bb	-0.001325	-0.003853	1.562500	0.000022
CASE	991012056	1	bb	-0.000594	0.000000	-0.750000	0.000001
CASE	991012196	53	bb	0.003087	0.002597	1.437500	0.005737
CASE	991012266	39	bb	-0.017742	-0.022138	-3.750000	0.006047
CASE	991012286	58	nn	-0.017493	-0.021961	-3.500000	0.014199
CASE	991012296	68	bb	0.003638	0.008636	-2.562500	0.011668
CASE	991012316	1	nn	0.049785	0.062500	10.000000	0.098303
CASE	991012526	37	bb	0.011467	0.010949	6.312500	0.003247
CASE	991012716	55	nn	-0.006893	-0.006794	-4.562500	0.008387
CASE	991012876	46	mixed	-0.019075	-0.017719	-9.750000	0.014406
CASE	991012916	1	nn	-0.005814	0.000000	-7.125000	0.000062
CASE	991013106	19	nn	-0.022754	-0.031250	-3.875000	0.010949
CASE	991013116	28	nn	0.017660	0.019906	5.312500	0.013504
CASE	991013166	75	nn	-0.068275	-0.078702	-21.312500	0.006726
CASE	991013236	61	nn	0.017329	0.013884	9.875000	0.019431
CASE	991013256	82	nn	0.032781	0.035617	12.375000	0.010198
CASE	991013276	17	nn	0.053985	0.062500	15.812500	0.105021
CASE	991013286	25	nn	-0.018314	-0.013635	-15.687500	0.002500
CASE	991013386	40	nn	-0.031131	-0.038224	-7.125000	0.028863
CASE	991013516	82	bb	-0.018482	-0.020791	-5.750000	0.017958
CASE	991013606	3	nn	-0.135785	-0.187500	-13.000000	0.084945
CASE	991013626	23	nn	-0.000823	-0.001782	1.125000	0.008504
CASE	991013746	56	bb	0.010910	0.013106	2.625000	0.002338
CASE	991013766	75	nn	-0.007465	-0.006745	-4.437500	0.008737
CASE	991013776	1	bb	-0.002633	0.000000	-3.187500	0.000022
CASE	991013846	69	nn	0.024842	0.030853	4.687500	0.024097
CASE	991013946	84	nn	-0.038323	-0.048131	-7.000000	0.015087
CASE	991013966	19	nn	0.043066	0.062500	0.125000	0.175042
CASE	991014006	56	nn	0.035924	0.043814	8.062500	0.018686
CASE	991014076	40	bb	0.000197	0.000106	0.187500	0.000002
CASE	991014116	79	nn	0.016680	0.016754	9.062500	0.009086
CASE	991014136	15	nn	-0.003433	0.000000	-5.000000	0.000228
CASE	991014156	35	nn	-0.046115	-0.047243	-24.687500	0.003446
CASE	991014176	57	bb	-0.015146	-0.010676	-12.500000	0.001789
CASE	991014406	28	nn	0.026215	0.032480	5.812500	0.007598
CASE	991014486	23	nn	-0.012327	-0.016612	-0.687500	0.025203
CASE	991014616	62	bb	-0.022461	-0.027278	-5.250000	0.010376
CASE	991014666	28	bb	-0.007146	-0.010386	0.562500	0.003659
CASE	991014686	46	nn	-0.001415	0.000682	-4.437500	0.001863
CASE	991014756	31	nn	0.049415	0.059164	12.875000	0.038797
CASE	991014796	74	bb	0.030252	0.035968	7.750000	0.009591
CASE	991014856	48	nn	-0.034035	-0.037124	-14.062500	0.010972
CASE	991014866	55	nn	0.019069	0.027074	0.562500	0.006598
CASE	991015036	52	nn	0.031829	0.033701	14.625000	0.005197
CASE	991015116	51	nn	-0.063938	-0.076894	-16.187500	0.015408
CASE	991015146	81	bb	0.036830	0.043955	9.875000	0.018441
CASE	991015336	9	nn	0.002373	0.000000	0.812500	0.001242
CASE	991015396	73	nn	0.014284	0.019904	0.625000	0.016670
CASE	991015406	83	nn	-0.011971	-0.010475	-6.500000	0.008854
CASE	991015486	75	nn	0.024701	0.027207	8.125000	0.010677
CASE	991015576	81	nn	-0.010054	-0.009891	-4.375000	0.021089
CASE	991015616	32	nn	0.025964	0.027895	10.312500	0.002572
CASE	991015656	72	bb	-0.003365	-0.004454	-0.500000	0.012470
CASE	991015746	74	nn	0.009658	0.012220	2.812500	0.025297
CASE	991015766	11	bb	0.001817	0.000000	2.875000	0.000063
CASE	991015806	50	nn	-0.036170	-0.042049	-10.187500	0.013925
CASE	991015826	72	nn	-0.023274	-0.029505	-4.187500	0.013098
CASE	991015866	26	bb	-0.033197	-0.044586	-4.312500	0.006071
CASE	991015956	26	nn	-0.006154	-0.005329	-3.812500	0.003204
CASE	991016096	79	nn	-0.050462	-0.057048	-19.187500	0.011004
CASE	991016126	27	nn	-0.060511	-0.078107	-10.625000	0.044227
CASE	991016166	68	nn	-0.023653	-0.025026	-9.000000	0.005525
CASE	991016236	49	nn	-0.010583	-0.008632	-8.500000	0.001249
CASE	991016266	82	bb	-0.036105	-0.035096	-15.500000	0.004466
CASE	991016336	66	nn	-0.027321	-0.028721	-10.312500	0.018014
CASE	991016576	46	nn	0.009277	0.010366	2.687500	0.003805
CASE	991016596	69	nn	-0.017637	-0.016638	-7.812500	0.006470
CASE	991016606	77	nn	0.024135	0.024368	9.500000	0.010680
CASE	991016766	63	nn	-0.002486	-0.003822	0.312500	0.013400
CASE	991016926	53	bb	-0.016164	-0.018334	-4.625000	0.004212
CASE	991016946	75	nn	-0.055656	-0.065827	-14.437500	0.015921
CASE	991017006	46	nn	-0.018504	-0.023641	-3.687500	0.028551
CASE	991017106	63	nn	-0.026368	-0.026739	-13.562500	0.010754
CASE	991017116	72	nn	0.001843	-0.001375	5.187500	0.010662
CASE	991017126	81	nn	0.011159	0.010992	4.375000	0.013894
CASE	991017196	67	nn	0.021060	0.019697	9.562500	0.011358
CASE	991017316	15	nn	0.007765	0.000000	17.875000	0.000247
CASE	991017346	44	nn	0.027634	0.029892	12.562500	0.006033
CASE	991017356	53	nn	0.010874	0.023393	-7.000000	0.002646
CASE	991017426	37	nn	0.016163	0.028850	-4.187500	0.017342
CASE	991017556	81	mixed	0.019522	0.029117	0.187500	0.011762
CASE	991017566	7	nn	-0.003713	0.000000	-12.312500	0.000296
CASE	991017606	47	nn	0.025261	0.031058	5.500000	0.009971
CASE	991017786	52	nn	-0.051209	-0.053551	-23.500000	0.006002
CASE	991017966	59	nn	0.023003	0.027681	5.687500	0.002044
CASE	991017976	71	nn	0.018612	0.020844	5.500000	0.004475
CASE	991018026	33	nn	-0.009951	-0.016058	0.937500	0.017853
CASE	991018066	72	bb	0.037571	0.046180	8.937500	0.028122
CASE	991018156	80	nn	-0.031394	-0.027219	-17.937500	0.010946
CASE	991018316	67	bb	-0.014700	-0.022147	-0.250000	0.004333
CASE	991018396	59	nn	-0.024933	-0.024079	-14.875000	0.008854
CASE	991018456	34	bb	-0.017652	-0.017919	-8.062500	0.006889
CASE	991018476	56	nn	-0.002648	-0.002130	-1.750000	0.007417
CASE	991018566	60	nn	0.031447	0.041283	4.937500	0.035972
CASE	991018706	28	nn	0.006283	0.006313	2.437500	0.001765
CASE	991018806	41	nn	0.026552	0.029359	10.125000	0.010658
CASE	991018886	37	nn	-0.002047	-0.003053	1.312500	0.000968
CASE	991018906	53	nn	-0.078013	-0.092101	-20.500000	0.012282
CASE	991018916	66	bb	0.059282	0.070784	14.687500	0.005405
CASE	991019056	33	nn	0.007343	0.000399	14.000000	0.001593
CASE	991019256	63	nn	0.009016	0.008490	4.625000	0.010119
CASE	991019276	81	nn	-0.023799	-0.025320	-9.687500	0.021990
CASE	991019416	50	mixed	-0.044773	-0.038129	-27.625000	0.006202
CASE	991019466	14	nn	0.050174	0.062500	11.687500	0.100906
CASE	991019486	34	nn	0.003811	0.006803	-1.500000	0.002671
CASE	991019536	81	nn	0.033744	0.039367	9.062500	0.026731
CASE	991019556	16	bb	-0.001311	0.000000	-0.937500	0.000252
CASE	991019626	1	nn	-0.004786	0.000000	-6.562500	0.000008
CASE	991019686	62	nn	-0.045348	-0.054855	-11.250000	0.008021
CASE	991019746	37	nn	-0.013655	-0.007296	-13.000000	0.002550
CASE	991019826	29	bb	0.000410	0.000599	0.312500	0.000417
CASE	991019866	69	nn	0.009104	0.016812	-2.062500	0.014254
CASE	991019916	33	nn	0.078664	0.091790	22.125000	0.009683
CASE	991020086	32	nn	-0.006016	-0.018614	8.187500	0.025024
CASE	991020286	59	nn	-0.058522	-0.070384	-14.687500	0.022113
CASE	991020336	24	nn	-0.009682	-0.011760	-2.125000	0.003890
CASE	991020396	81	nn	-0.026772	-0.028819	-10.750000	0.007202
CASE	991020426	28	nn	-0.046210	-0.056880	-11.000000	0.016483
CASE	991020446	48	nn	0.000061	-0.001586	1.562500	0.023025
CASE	991020546	62	nn	0.023819	0.026717	10.125000	0.021600
CASE	991020896	66	bb	-0.006416	-0.009323	-0.375000	0.001629
CASE	991021026	26	nn	0.005872	0.011707	-3.312500	0.003213
CASE	991021166	80	nn	0.017232	0.023170	2.250000	0.001863
CASE	991021206	35	nn	0.081238	0.087922	31.312500	0.026424
CASE	991021326	69	nn	0.080353	0.097201	18.750000	0.026920
CASE	991021366	19	nn	0.091480	0.125000	10.125000	0.062335
CASE	991021486	57	nn	0.035575	0.038657	12.812500	0.005860
CASE	991021566	49	bb	0.015777	0.015271	7.437500	0.017099
CASE	991021596	81	bb	-0.050533	-0.059624	-12.875000	0.018778
CASE	991021676	69	bb	0.036977	0.041398	11.750000	0.007444
CASE	991021686	82	bb	-0.002564	0.000190	-3.687500	0.016720
CASE	991021716	26	nn	0.017506	0.025401	0.687500	0.018575
CASE	991021726	39	nn	0.019111	0.019476	7.500000	0.002250
CASE	991021766	79	nn	-0.011747	-0.014318	-2.687500	0.006573
CASE	991021806	27	nn	-0.000758	-0.001999	0.625000	0.000750
CASE	991021916	55	nn	0.023441	0.018878	15.812500	0.004110
CASE	991021936	77	nn	-0.038338	-0.047078	-9.312500	0.013311
CASE	991021976	30	bb	-0.019120	-0.022150	-5.250000	0.002820
CASE	991021986	41	nn	-0.044472	-0.053316	-12.187500	0.016712
CASE	991022076	41	nn	0.009122	0.005200	13.500000	0.002253
CASE	991022106	72	nn	-0.012617	-0.015745	-3.062500	0.018561
CASE	991022176	58	nn	0.031516	0.035864	13.000000	0.003112
CASE	991022246	42	nn	0.038627	0.038797	16.187500	0.004836
CASE	991022256	50	nn	0.006476	0.007840	4.750000	0.012817
CASE	991022366	76	nn	0.018334	0.016822	8.562500	0.010726
CASE	991022436	58	nn	-0.003072	-0.000729	-7.937500	0.000984
CASE	991022456	81	nn	-0.044122	-0.050645	-12.625000	0.014635
CASE	991022506	43	nn	-0.013424	-0.018142	-1.500000	0.010415
CASE	991022536	74	bb	0.026822	0.030071	9.000000	0.011024
CASE	991022886	79	nn	0.005583	-0.007246	13.812500	0.007492
CASE	991022906	13	nn	-0.004436	0.000000	-6.625000	0.072660
CASE	991023036	57	nn	0.032193	0.039004	7.187500	0.006936
CASE	991023146	80	nn	-0.036750	-0.041469	-11.687500	0.012984
CASE	991023216	66	nn	-0.025945	-0.029409	-8.000000	0.004294
CASE	991023296	58	nn	-0.016585	-0.020663	-4.562500	0.020191
CASE	991023366	42	nn	0.005558	0.011276	-5.562500	0.006966
CASE	991023406	81	nn	-0.077265	-0.086676	-25.250000	0.022860
CASE	991023576	81	nn	0.033371	0.034348	13.750000	0.010166
CASE	991023736	70	nn	0.006873	0.009026	1.000000	0.003578
CASE	991023876	38	nn	-0.037557	-0.045720	-8.750000	0.021779
CASE	991023886	49	nn	0.053408	0.064971	14.187500	0.025316
CASE	991023966	40	nn	-0.008244	-0.007934	-4.562500	0.001292
CASE	991023976	52	nn	-0.064457	-0.078852	-15.062500	0.011556
CASE	991023986	63	bb	0.008697	0.016244	-2.750000	0.006863
CASE	991024056	46	nn	-0.006613	-0.003539	-6.687500	0.005879
CASE	991024066	57	nn	-0.012022	-0.011566	-6.000000	0.003087
CASE	991024086	76	nn	0.020603	0.020628	8.687500	0.005933
CASE	991024186	5	nn	0.271058	0.375000	26.062500	0.133681
CASE	991024226	40	nn	0.007960	0.006272	4.687500	0.017132
CASE	991024596	66	nn	0.029178	0.036843	5.750000	0.017211
CASE	991024636	23	nn	0.057063	0.066443	16.187500	0.008762
CASE	991024646	35	nn	-0.003451	-0.005006	1.187500	0.002487
CASE	991024756	59	nn	-0.004551	-0.005433	-1.125000	0.000331
CASE	991024806	23	bb	-0.010976	-0.012474	-3.500000	0.001309
CASE	991024856	67	nn	-0.064475	-0.073133	-19.312500	0.028942
CASE	991025006	47	nn	-0.047729	-0.060484	-8.750000	0.008456
CASE	991025086	42	nn	-0.007380	-0.010935	0.687500	0.009728
CASE	991025156	28	bb	-0.001145	0.002874	-5.375000	0.009027
CASE	991025256	42	nn	0.019007	0.023781	4.375000	0.012676
CASE	991025286	71	nn	0.029921	0.030671	12.187500	0.020035
CASE	991025406	18	nn	-0.087114	-0.125000	-6.875000	0.061297
CASE	991025436	45	nn	-0.022727	-0.026968	-5.250000	0.007413
CASE	991025506	30	nn	-0.006964	-0.007617	-2.312500	0.011558
CASE	991025526	51	nn	0.003269	0.009425	-3.687500	0.023285
CASE	991025576	19	nn	0.006666	0.000000	11.000000	0.000853
CASE	991025796	64	nn	-0.042896	-0.052587	-10.812500	0.008649
CASE	991025856	37	nn	0.011184	0.018732	1.437500	0.018679
CASE	991025876	60	nn	0.013285	0.018713	1.937500	0.005064
CASE	991025956	53	bb	-0.031197	-0.036591	-8.500000	0.025509
CASE	991025976	71	nn	-0.012855	-0.016637	-2.625000	0.006243
CASE	991026046	59	nn	0.021220	0.027887	3.187500	0.024149
CASE	991026136	62	nn	0.038905	0.041602	14.250000	0.022835
CASE	991026156	80	nn	-0.009598	-0.003769	-9.312500	0.021211
CASE	991026176	14	nn	-0.000239	0.000000	-0.125000	0.157828
CASE	991026226	65	nn	-0.013988	-0.020475	-0.250000	0.009551
CASE	991026466	44	nn	-0.009265	-0.000989	-10.437500	0.010605
CASE	991026496	79	nn	-0.018535	-0.020485	-6.625000	0.011891
CASE	991026516	12	bb	-0.046456	-0.062500	-6.062500	0.033497
CASE	991026566	62	nn	-0.027424	-0.028350	-10.437500	0.013268
CASE	991026626	34	nn	0.006783	0.007946	1.812500	0.000919
CASE	991026716	39	bb	0.018989	0.025130	2.500000	0.011267
CASE	991026746	67	bb	0.023463	0.021381	11.875000	0.012078
CASE	991026826	65	nn	0.023585	0.030241	4.812500	0.014901
CASE	991026846	82	nn	-0.025317	-0.029921	-6.062500	0.021724
CASE	991026876	29	nn	0.004343	0.001099	5.062500	0.005716
CASE	991027046	23	nn	0.037170	0.043112	10.562500	0.019773
CASE	991027126	20	nn	0.000779	0.000000	6.125000	0.001997
CASE	991027166	59	nn	0.004147	0.005189	0.375000	0.001751
CASE	991027276	83	nn	0.003720	0.008322	-2.750000	0.011904
CASE	991027326	49	nn	-0.001591	-0.003223	1.000000	0.028002
CASE	991027366	3	nn	-0.001720	0.000000	-2.312500	0.000022
CASE	991027376	10	mixed	-0.191184	-0.250000	-28.875000	0.096073
CASE	991027456	4	nn	0.091362	0.125000	10.062500	0.063145
CASE	991027556	18	nn	-0.105146	-0.125000	-28.875000	0.134736
CASE	991027676	53	nn	0.030390	0.034147	9.250000	0.007522
CASE	991027736	28	nn	0.000090	0.004147	-4.125000	0.001080
CASE	991027786	77	bb	0.004746	0.006678	0.125000	0.005572
CASE	991027846	49	nn	-0.103844	-0.120414	-31.625000	0.019551
CASE	991027856	63	nn	0.002178	0.003140	0.437500	0.025388
CASE	991027866	73	nn	0.005229	0.008836	-0.500000	0.006085
CASE	991027876	80	bb	0.008350	0.005475	6.187500	0.004086
CASE	991027946	67	nn	0.019952	0.025099	3.875000	0.002641
CASE	991027986	17	nn	-0.031081	-0.031250	-13.562500	0.046774
CASE	991028026	59	bb	-0.017781	-0.015195	-12.000000	0.001781
CASE	991028046	80	nn	0.051341	0.058171	15.687500	0.016828
CASE	991028106	55	nn	-0.029322	-0.036763	-5.875000	0.014743
CASE	991028146	9	nn	-0.048533	-0.062500	-10.437500	0.028838
CASE	991028166	24	bb	-0.046803	-0.057798	-10.062500	0.011894
CASE	991028356	47	nn	0.015983	0.016277	8.437500	0.015112
CASE	991028386	74	nn	-0.003731	-0.005685	1.687500	0.007535
CASE	991028616	43	nn	-0.004122	-0.002915	-3.250000	0.008334
CASE	991028686	30	nn	-0.011700	-0.010423	-6.937500	0.002812
CASE	991028906	77	nn	-0.013871	-0.011312	-7.062500	0.017981
CASE	991028996	79	nn	-0.005844	-0.005072	-4.500000	0.009211
CASE	991029086	1	nn	0.009290	0.000000	9.375000	0.000171
CASE	991029106	23	bb	-0.105929	-0.130294	-24.187500	0.035676
CASE	991029246	72	nn	-0.011467	-0.014089	-3.125000	0.017917
CASE	991029336	81	nn	0.041699	0.048298	12.312500	0.011081
CASE	991029486	57	nn	-0.021419	-0.020281	-9.937500	0.003928
CASE	991029546	28	nn	-0.005368	0.000062	-6.937500	0.000705
CASE	991029556	40	nn	-0.016001	-0.009827	-13.375000	0.022204
CASE	991029746	55	bb	-0.005878	-0.005645	-3.000000	0.001013
CASE	991029766	81	nn	-0.030860	-0.040362	-6.062500	0.012079
CASE	991029856	80	nn	-0.014961	-0.017237	-4.250000	0.002622
CASE	991029896	39	nn	0.022581	0.018578	15.437500	0.001621
CASE	991029916	59	mixed	-0.020397	-0.022759	-7.312500	0.022991
CASE	991029966	22	nn	-0.005532	-0.009403	0.937500	0.006749
CASE	991030006	62	nn	-0.056247	-0.069552	-11.937500	0.031657
CASE	991030086	53	nn	0.020307	0.024719	4.687500	0.006906
CASE	991030096	64	nn	-0.019577	-0.023310	-4.875000	0.003935
CASE	991030186	69	nn	-0.030220	-0.039312	-4.250000	0.010521
CASE	991030236	32	nn	0.019483	0.016739	12.687500	0.002745
CASE	991030266	62	nn	-0.042099	-0.043615	-16.750000	0.005803
CASE	991030296	9	nn	0.001534	0.000000	3.750000	0.001576
CASE	991030446	73	nn	0.012260	0.012970	6.875000	0.008672
CASE	991030486	24	bb	-0.021969	-0.030574	-0.750000	0.006237
CASE	991030576	31	nn	0.022894	0.019575	13.687500	0.016902
CASE	991030626	79	mixed	0.007471	0.019627	-7.062500	0.017032
CASE	991030676	41	nn	0.025271	0.031576	5.187500	0.006938
CASE	991030886	81	nn	-0.047707	-0.052144	-16.812500	0.016688
CASE	991030956	65	bb	-0.030844	-0.032728	-12.312500	0.014521
CASE	991030966	73	nn	0.003516	0.000702	3.375000	0.030000
CASE	991031006	28	nn	0.005330	0.004065	5.000000	0.014425
CASE	991031076	13	nn	-0.057096	-0.062500	-20.062500	0.110610
CASE	991031136	74	nn	0.006021	0.005048	5.437500	0.049228
CASE	991031226	78	nn	-0.056218	-0.069787	-11.500000	0.038499
CASE	991031456	46	nn	-0.036350	-0.040058	-11.875000	0.027658
CASE	991031486	79	nn	0.012657	0.016806	2.187500	0.009163
CASE	991031566	71	nn	-0.028200	-0.027924	-11.125000	0.013163
CASE	991031576	80	nn	0.054896	0.071890	9.437500	0.011392
CASE	991031676	11	nn	0.026597	0.031250	6.312500	0.047206
CASE	991031696	31	nn	-0.033151	-0.032788	-14.375000	0.034714
CASE	991031726	63	nn	0.001501	-0.000144	1.750000	0.005232
CASE	991031736	71	nn	-0.054441	-0.062361	-16.062500	0.010107
CASE	991031806	57	nn	0.026570	0.035570	1.187500	0.005580
CASE	991031816	62	nn	-0.012233	-0.016554	-2.375000	0.004454
CASE	991031976	54	bb	-0.026293	-0.029560	-8.500000	0.015264
CASE	991031996	75	nn	-0.004683	-0.002378	-3.812500	0.009054
CASE	991032006	81	nn	0.032987	0.039345	8.687500	0.015774
CASE	991032076	67	nn	-0.006085	-0.005369	-3.250000	0.009556
CASE	991032216	31	nn	0.013155	0.014522	4.500000	0.014777
CASE	991032336	71	nn	0.017835	0.015040	9.250000	0.021930
CASE	991032346	79	nn	0.032473	0.033943	12.062500	0.010718
CASE	991032386	32	bb	-0.003261	-0.002932	-1.625000	0.017608
CASE	991032396	43	mixed	-0.098971	-0.118190	-25.125000	0.024127
CASE	991032446	7	bb	-0.005234	0.000000	-6.875000	0.000212
CASE	991032686	74	nn	-0.039525	-0.041309	-15.937500	0.030659
CASE	991032736	41	nn	0.004418	0.007272	0.312500	0.002001
CASE	991032746	50	nn	0.025261	0.029830	6.500000	0.010316
CASE	991032776	79	bb	-0.029242	-0.034031	-8.875000	0.001872
CASE	991032856	72	bb	0.037261	0.043788	10.000000	0.006141
CASE	991032916	46	nn	-0.022493	-0.030860	-1.500000	0.018612
CASE	991032926	59	nn	-0.024061	-0.028441	-6.687500	0.009780
CASE	991032946	79	nn	-0.002702	-0.007123	0.687500	0.008999
CASE	991033166	37	bb	-0.003375	-0.005375	0.625000	0.011070
CASE	991033176	51	nn	0.086429	0.099546	26.687500	0.007973
CASE	991033266	55	nn	0.007561	0.006317	4.500000	0.014155
CASE	991033366	67	nn	0.006663	0.003661	5.250000	0.018936
CASE	991033376	73	nn	0.015360	0.016968	7.437500	0.019827
CASE	991033496	23	nn	-0.009800	-0.006519	-9.625000	0.001460
CASE	991033506	33	nn	-0.015345	-0.021444	-1.250000	0.006147
CASE	991033546	75	nn	-0.016543	-0.012672	-9.937500	0.007925
CASE	991033616	58	nn	-0.019171	-0.023753	-4.062500	0.010448
CASE	991033716	75	nn	0.069524	0.082379	18.875000	0.014335
CASE	991033726	81	nn	-0.048179	-0.056865	-12.750000	0.020247
CASE	991033786	55	nn	-0.050189	-0.051372	-26.375000	0.008455
CASE	991033876	61	bb	-0.002173	-0.001808	-1.812500	0.000035
CASE	991033946	44	nn	-0.014271	-0.016118	-4.125000	0.015565
CASE	991033966	67	nn	-0.009262	-0.007430	-5.562500	0.007586
CASE	991033976	77	nn	-0.002847	-0.007594	3.625000	0.018442
CASE	991034066	81	bb	0.013728	0.013454	5.937500	0.003873
CASE	991034126	53	nn	-0.038518	-0.046417	-9.312500	0.011674
CASE	991034186	25	nn	0.014441	0.018541	2.437500	0.010039
CASE	991034236	75	nn	-0.008127	-0.009897	-2.250000	0.019954
CASE	991034306	62	nn	0.013922	0.013725	4.937500	0.013531
CASE	991034356	24	bb	0.001256	0.000969	0.500000	0.000491
CASE	991034386	53	nn	-0.006979	-0.013735	2.687500	0.008201
CASE	991034466	49	nn	-0.031795	-0.033948	-14.250000	0.015683
CASE	991034536	32	mixed	-0.014004	-0.010924	-8.875000	0.052954
CASE	991034616	29	nn	-0.000463	0.002342	-3.687500	0.010802
CASE	991034666	77	nn	-0.033303	-0.036273	-11.437500	0.007802
CASE	991034716	42	nn	-0.041246	-0.053507	-8.000000	0.019727
CASE	991034736	62	nn	-0.049110	-0.059987	-11.875000	0.018436
CASE	991034866	21	bb	0.006375	0.000000	14.625000	0.000341
CASE	991034876	28	nn	0.016238	0.008668	16.187500	0.001767
CASE	991034926	81	nn	0.043084	0.058405	5.562500	0.009168
CASE	991035016	79	nn	-0.021084	-0.025556	-5.500000	0.008790
CASE	991035046	28	nn	-0.005325	-0.003028	-4.625000	0.011559
CASE	991035086	69	bb	-0.008164	-0.010336	-1.437500	0.008171
CASE	991035096	78	nn	0.011652	0.013571	5.125000	0.008928
CASE	991035166	63	nn	0.016026	0.021072	5.750000	0.006935
CASE	991035186	79	bb	0.010693	0.008408	5.875000	0.012854
CASE	991035346	71	nn	0.006048	0.011843	-2.750000	0.020469
CASE	991035476	29	bb	-0.015118	-0.016079	-5.562500	0.002941
CASE	991035506	57	nn	-0.019252	-0.017371	-15.875000	0.000640
CASE	991035576	42	nn	-0.029626	-0.030256	-11.437500	0.016189
CASE	991035596	61	nn	0.013183	0.022688	-3.000000	0.024145
CASE	991035656	35	nn	0.047392	0.062231	7.000000	0.027813
CASE	991035696	73	nn	-0.026083	-0.030730	-4.625000	0.015259
CASE	991035856	63	bb	0.007932	0.006636	4.375000	0.005031
CASE	991035936	59	nn	-0.002273	-0.003543	-1.000000	0.008467
CASE	991035976	8	nn	0.033498	0.031250	16.250000	0.179011
CASE	991035996	28	nn	0.002686	0.002552	1.187500	0.000048
CASE	991036186	50	nn	0.017000	0.032122	-5.875000	0.010779
CASE	991036256	34	nn	0.042616	0.044150	17.437500	0.008405
CASE	991036276	54	nn	0.001981	0.004880	-2.062500	0.016228
CASE	991036296	71	nn	0.036074	0.041164	12.562500	0.042146
CASE	991036306	81	nn	0.027356	0.038035	2.375000	0.011344
CASE	991036366	58	nn	-0.010376	-0.010456	-4.125000	0.001867
CASE	991036386	79	nn	-0.018431	-0.021576	-5.187500	0.014328
CASE	991036526	47	nn	-0.032039	-0.041471	-4.812500	0.016494
CASE	991036596	29	nn	-0.028917	-0.023662	-21.000000	0.004068
CASE	991036616	45	nn	0.045971	0.060509	7.250000	0.025581
CASE	991036756	19	nn	-0.050119	-0.062500	-12.437500	0.034243
CASE	991036806	69	nn	0.008707	0.009443	2.937500	0.002877
CASE	991036836	8	nn	-0.058162	-0.093750	5.500000	0.098974
CASE	991036926	15	nn	0.001049	0.000000	3.250000	0.000355
CASE	991036936	26	nn	-0.038272	-0.048548	-7.250000	0.036551
CASE	991036946	33	nn	-0.016779	-0.021799	-3.250000	0.001326
CASE	991037056	55	nn	-0.034123	-0.041290	-8.687500	0.020270
CASE	991037076	80	nn	0.006250	0.014820	-5.000000	0.010473
CASE	991037316	62	nn	-0.052257	-0.058318	-16.562500	0.016302
CASE	991037396	55	bb	0.003346	0.004769	0.250000	0.001433
CASE	991037486	61	nn	0.008598	0.007250	4.187500	0.008089
CASE	991037606	8	nn	-0.008996	0.000000	-12.625000	0.072765
CASE	991037636	34	nn	-0.018157	-0.020529	-7.250000	0.005036
CASE	991037656	55	nn	0.017363	0.020195	4.375000	0.015290
CASE	991037676	77	nn	0.028866	0.031314	9.937500	0.018515
CASE	991037736	53	nn	0.015570	0.016483	7.562500	0.017498
CASE	991037756	72	bb	-0.004378	-0.004170	-1.187500	0.011549
CASE	991037766	81	nn	0.024092	0.028650	6.812500	0.014393
CASE	991037826	55	bb	-0.007020	-0.009834	-0.875000	0.015946
CASE	991037996	55	nn	-0.016845	-0.015491	-12.687500	0.002175
CASE	991038026	82	nn	0.014549	0.018024	3.375000	0.011136
CASE	991038146	28	nn	0.044459	0.044111	20.500000	0.005211
CASE	991038166	50	nn	-0.035657	-0.044743	-7.062500	0.017019
CASE	991038176	63	nn	0.036718	0.042989	10.437500	0.019633
CASE	991038186	73	nn	-0.015316	-0.021384	-2.375000	0.018133
CASE	991038236	36	nn	-0.045705	-0.060278	-6.625000	0.017715
CASE	991038266	63	nn	0.000365	0.003107	-0.937500	0.017223
CASE	991038316	29	nn	-0.024599	-0.032021	-3.937500	0.012949
CASE	991038326	40	nn	-0.037736	-0.041078	-14.125000	0.009286
CASE	991038386	11	nn	0.293344	0.406250	27.625000	0.190653
CASE	991038436	64	nn	-0.033471	-0.040614	-8.062500	0.004422
CASE	991038576	32	nn	0.085642	0.094813	27.812500	0.031463
CASE	991038756	41	nn	0.044569	0.054572	10.250000	0.012261
CASE	991038836	34	nn	-0.057193	-0.064676	-17.812500	0.023343
CASE	991038906	13	nn	-0.001781	0.000000	-2.437500	0.000158
CASE	991038956	69	nn	0.002619	0.002096	1.875000	0.011288
CASE	991039056	81	nn	-0.016545	-0.017887	-6.750000	0.010891
CASE	991039156	8	nn	-0.185847	-0.250000	-23.000000	0.110400
CASE	991039306	69	nn	-0.007950	-0.007120	-5.687500	0.002929
CASE	991039346	29	nn	0.004269	0.004318	0.125000	0.000860
CASE	991039436	33	nn	0.048953	0.063339	8.562500	0.004439
CASE	991039456	49	nn	-0.033242	-0.037244	-12.812500	0.003517
CASE	991039476	70	bb	-0.017267	-0.022645	-2.562500	0.006430
CASE	991039726	59	nn	-0.012150	-0.013719	-3.437500	0.001927
POS	3897	574
