CASE	991000080	65	bb	-0.010681	-0.013015	-1.750000	0.011402
CASE	991000160	57	nn	-0.012774	-0.014012	-3.562500	0.014030
CASE	991000200	13	nn	-0.053662	-0.062500	-15.437500	0.248924
CASE	991000260	70	bb	0.003793	0.004440	0.937500	0.002171
CASE	991000350	77	bb	-0.002361	-0.005141	1.437500	0.012759
CASE	991000390	31	nn	0.040729	0.049243	10.062500	0.005728
CASE	991000590	56	nn	0.002068	0.002321	0.625000	0.000068
CASE	991000670	52	bb	-0.006799	-0.005321	-4.437500	0.010319
CASE	991000700	82	nn	-0.006078	-0.001590	-6.500000	0.010991
CASE	991000750	45	nn	0.034215	0.036649	12.500000	0.005818
CASE	991000770	62	nn	-0.001761	-0.002781	0.250000	0.019126
CASE	991000870	81	bb	-0.027182	-0.029130	-10.312500	0.011225
CASE	991000960	81	nn	-0.036127	-0.041580	-10.875000	0.007976
CASE	991001040	77	nn	-0.001921	-0.003482	0.875000	0.008893
CASE	991001060	13	nn	-0.004102	0.000000	-6.000000	0.001293
CASE	991001110	57	nn	0.028667	0.030738	13.937500	0.003569
CASE	991001120	73	nn	0.058955	0.060679	23.437500	0.019893
CASE	991001170	35	nn	0.004179	0.003640	2.500000	0.000847
CASE	991001200	65	bb	-0.011134	-0.010489	-4.875000	0.006886
CASE	991001210	77	nn	-0.024671	-0.028222	-7.375000	0.026994
CASE	991001290	65	nn	-0.036352	-0.038220	-12.875000	0.011995
CASE	991001390	79	nn	-0.014890	-0.020843	-0.062500	0.007096
CASE	991001550	68	nn	-0.000344	0.001732	-2.687500	0.009958
CASE	991001610	45	nn	-0.080362	-0.099654	-18.187500	0.017487
CASE	991001710	57	nn	0.014825	0.013417	8.812500	0.002391
CASE	991001790	52	bb	0.026073	0.027645	9.625000	0.004654
CASE	991001810	74	bb	-0.017955	-0.023571	-2.625000	0.013216
CASE	991001890	68	nn	0.006224	0.003138	6.125000	0.014547
CASE	991001900	73	nn	-0.026089	-0.031753	-5.687500	0.004527
CASE	991001960	51	nn	0.005330	0.008666	-1.250000	0.004251
CASE	991001970	61	nn	0.033570	0.034579	16.250000	0.003963
CASE	991002050	57	nn	-0.013828	-0.016498	-3.750000	0.008422
CASE	991002090	8	nn	0.002858	0.000000	3.937500	0.000270
CASE	991002240	69	nn	0.003278	0.004631	0.062500	0.000610
CASE	991002310	56	nn	-0.022081	-0.022612	-11.000000	0.002093
CASE	991002480	56	nn	-0.005268	-0.010081	2.125000	0.021683
CASE	991002650	53	nn	-0.012431	-0.017634	0.687500	0.003384
CASE	991003090	64	nn	-0.029346	-0.033179	-10.562500	0.020508
CASE	991003140	27	nn	0.007596	0.003130	8.812500	0.001270
CASE	991003170	53	nn	-0.003477	-0.000673	-3.875000	0.013139
CASE	991003330	46	nn	0.030368	0.031745	11.125000	0.016023
CASE	991003360	74	bb	-0.001679	0.000309	-2.187500	0.002438
CASE	991003430	57	nn	-0.008648	-0.008931	-4.875000	0.004948
CASE	991003500	45	nn	-0.031907	-0.042167	-4.437500	0.012593
CASE	991003530	73	mixed	-0.121506	-0.138723	-37.687500	0.006958
CASE	991003560	18	nn	0.158006	0.218750	14.875000	0.078631
CASE	991003750	36	nn	-0.000702	-0.000311	-2.875000	0.000387
CASE	991003830	30	nn	-0.003819	-0.001248	-5.625000	0.000344
CASE	991003890	3	bb	0.007062	0.000000	9.437500	0.000194
CASE	991004110	49	nn	0.015454	0.019346	3.750000	0.019859
CASE	991004290	60	nn	0.025774	0.036402	2.000000	0.019850
CASE	991004390	73	nn	0.000514	-0.002223	6.062500	0.002616
CASE	991004400	83	nn	0.015468	0.020570	2.812500	0.012224
CASE	991004500	9	nn	0.028999	0.031250	10.500000	0.044557
CASE	991004570	81	bb	-0.021790	-0.022038	-8.125000	0.008962
CASE	991004700	35	nn	-0.006990	-0.014320	6.062500	0.018625
CASE	991004710	50	nn	0.030103	0.029411	12.937500	0.007038
CASE	991004830	81	nn	0.044856	0.045368	17.500000	0.011337
CASE	991004960	39	nn	-0.019541	-0.022385	-6.000000	0.021065
CASE	991004970	49	nn	-0.003939	-0.004945	-2.062500	0.023494
CASE	991005080	73	nn	-0.019918	-0.025028	-3.437500	0.018699
CASE	991005210	34	nn	-0.033161	-0.040074	-7.375000	0.008072
CASE	991005250	69	nn	0.001326	0.001113	0.875000	0.001456
CASE	991005300	35	nn	-0.041379	-0.053072	-7.437500	0.029624
CASE	991005310	48	nn	-0.063679	-0.072220	-19.125000	0.013854
CASE	991005380	33	nn	-0.026921	-0.032751	-6.625000	0.008598
CASE	991005490	56	nn	-0.003014	0.001255	-7.375000	0.000450
CASE	991005570	50	nn	0.040314	0.049117	9.500000	0.017483
CASE	991005590	66	nn	0.019906	0.024943	4.000000	0.013285
CASE	991005670	65	nn	-0.022357	-0.024591	-8.062500	0.011261
CASE	991005740	48	nn	0.023427	0.033724	1.750000	0.013942
CASE	991005750	57	nn	0.015335	0.019044	3.687500	0.013496
CASE	991005860	81	bb	-0.006775	-0.007233	-2.625000	0.000210
CASE	991005910	45	nn	0.005968	0.004363	4.062500	0.005243
CASE	991005920	55	nn	-0.007603	-0.009230	-1.875000	0.013858
CASE	991005940	72	nn	0.025807	0.035577	2.687500	0.006603
CASE	991006070	30	nn	0.007287	0.005029	7.250000	0.001596
CASE	991006120	84	nn	0.026583	0.033370	5.625000	0.014492
CASE	991006190	66	nn	-0.017455	-0.020239	-5.812500	0.002336
CASE	991006270	59	nn	0.007634	0.005752	4.562500	0.005447
CASE	991006370	76	nn	-0.032586	-0.045066	-2.625000	0.013670
CASE	991006520	55	nn	-0.055584	-0.066416	-14.562500	0.009647
CASE	991006560	7	nn	-0.010711	0.000000	-18.687500	0.000835
CASE	991006690	53	nn	-0.060738	-0.071137	-17.062500	0.010423
CASE	991006710	73	nn	0.012228	0.009292	8.187500	0.010200
CASE	991006760	36	nn	0.017746	0.021117	5.062500	0.006810
CASE	991006780	56	bb	-0.051701	-0.065835	-9.812500	0.011393
CASE	991006960	60	nn	-0.010604	-0.012629	-2.687500	0.005476
CASE	991007130	60	nn	-0.035138	-0.039255	-11.937500	0.009591
CASE	991007150	81	nn	0.012822	0.011646	6.312500	0.022875
CASE	991007270	31	nn	0.067029	0.086820	11.687500	0.014007
CASE	991007470	56	nn	0.036890	0.042253	13.312500	0.024500
CASE	991007480	68	nn	0.033964	0.040860	9.312500	0.014793
CASE	991007500	3	nn	0.133843	0.187500	11.062500	0.080851
CASE	991007530	33	bb	-0.038696	-0.048674	-7.750000	0.005091
CASE	991007600	13	nn	-0.149411	-0.187500	-32.937500	0.095052
CASE	991007810	50	nn	0.027033	0.032367	7.125000	0.020044
CASE	991007880	36	nn	-0.006218	-0.009809	0.812500	0.004691
CASE	991007910	69	nn	-0.025713	-0.032870	-3.812500	0.011884
CASE	991008070	53	bb	0.012803	0.016142	2.937500	0.006414
CASE	991008260	75	nn	0.030622	0.036992	7.375000	0.013639
CASE	991008290	19	nn	0.096303	0.125000	17.500000	0.061882
CASE	991008410	53	nn	0.000519	0.005042	-3.562500	0.012261
CASE	991008440	80	nn	-0.012992	-0.019100	0.187500	0.021925
CASE	991008770	68	nn	0.009846	0.012131	1.312500	0.016725
CASE	991008820	32	bb	0.003456	0.001050	3.187500	0.010126
CASE	991008840	53	nn	-0.012340	-0.011394	-5.937500	0.008397
CASE	991008850	61	nn	0.018650	0.017455	9.937500	0.014665
CASE	991008860	71	nn	0.006997	0.006463	3.625000	0.012469
CASE	991009090	44	nn	-0.009817	-0.009813	-4.625000	0.008765
CASE	991009110	65	nn	-0.080051	-0.089535	-28.250000	0.006143
CASE	991009170	39	nn	0.043207	0.055251	8.312500	0.015384
CASE	991009240	19	bb	0.087007	0.125000	4.250000	0.128897
CASE	991009260	43	nn	-0.035754	-0.042952	-8.687500	0.017849
CASE	991009300	81	nn	-0.029327	-0.033869	-8.312500	0.019873
CASE	991009370	64	bb	0.002590	0.001793	1.937500	0.007076
CASE	991009390	1	nn	-0.001507	0.000000	-2.625000	0.000024
CASE	991009420	29	nn	0.005589	0.005176	3.000000	0.000243
CASE	991009610	47	nn	0.024112	0.021130	12.687500	0.014442
CASE	991009650	2	nn	0.011706	0.000000	20.375000	0.000624
CASE	991009810	75	nn	0.001549	0.000971	1.125000	0.002519
CASE	991009840	21	nn	0.184938	0.250000	26.437500	0.180291
CASE	991009890	69	nn	-0.012936	-0.019635	-0.250000	0.013219
CASE	991009970	62	nn	0.016172	0.022136	2.250000	0.004625
CASE	991009980	73	nn	-0.029713	-0.037074	-6.250000	0.004486
CASE	991010160	77	nn	-0.025025	-0.023567	-11.687500	0.023879
CASE	991010270	20	nn	-0.065050	-0.062500	-36.125000	0.031606
CASE	991010400	64	mixed	0.005765	0.010970	-2.000000	0.024759
CASE	991010420	81	nn	-0.020054	-0.019948	-12.625000	0.013822
CASE	991010500	79	nn	-0.015044	-0.020770	-1.312500	0.016680
CASE	991010540	33	nn	-0.000359	-0.000723	1.375000	0.000188
CASE	991010560	51	nn	-0.044727	-0.057612	-8.000000	0.008872
CASE	991010580	73	nn	0.040649	0.045992	12.812500	0.020330
CASE	991010700	17	nn	0.002491	0.000000	3.375000	0.140192
CASE	991010760	81	nn	-0.042212	-0.049941	-10.937500	0.019375
CASE	991010840	72	nn	-0.007232	-0.008223	-1.875000	0.016718
CASE	991010890	39	nn	-0.039437	-0.047974	-9.000000	0.045741
CASE	991010980	40	nn	-0.008243	-0.008174	-4.687500	0.003249
CASE	991011140	27	nn	0.008338	0.009115	3.750000	0.002159
CASE	991011150	41	nn	0.011383	0.010404	6.000000	0.021150
CASE	991011180	69	nn	-0.032767	-0.037755	-12.562500	0.020523
CASE	991011250	54	nn	0.072374	0.083783	21.250000	0.034493
CASE	991011270	75	bb	0.028241	0.032947	7.750000	0.006781
CASE	991011320	33	bb	-0.000289	-0.000012	-0.750000	0.000002
CASE	991011380	11	nn	-0.083508	-0.125000	-0.187500	0.059328
CASE	991011510	53	nn	-0.008860	-0.009704	-4.000000	0.001338
CASE	991011600	61	nn	0.037218	0.051684	2.875000	0.012431
CASE	991011640	14	nn	-0.042307	-0.062500	-1.562500	0.155354
CASE	991011690	64	nn	0.023587	0.025240	9.250000	0.025224
CASE	991011790	75	nn	0.013475	0.015110	3.062500	0.006438
CASE	991011880	81	nn	-0.012265	-0.014293	-2.625000	0.024994
CASE	991012140	81	nn	0.017773	0.017838	8.812500	0.011044
CASE	991012220	77	nn	-0.013822	-0.022576	2.062500	0.013323
CASE	991012360	46	nn	-0.007244	-0.007934	-2.187500	0.010867
CASE	991012390	77	nn	0.004809	0.006912	0.562500	0.016898
CASE	991012500	13	nn	-0.043193	-0.062500	-2.062500	0.029400
CASE	991012540	50	bb	0.001453	0.004917	-2.125000	0.001588
CASE	991012580	9	nn	0.024756	0.031250	6.125000	0.215057
CASE	991012740	82	nn	-0.011498	-0.009687	-6.437500	0.011889
CASE	991012770	21	bb	0.108060	0.156250	4.437500	0.068872
CASE	991012820	73	nn	0.002389	-0.001126	3.812500	0.006306
CASE	991012860	31	nn	-0.016895	-0.017008	-7.750000	0.001169
CASE	991012870	38	nn	0.011089	0.010669	6.000000	0.003545
CASE	991012900	67	nn	-0.013794	-0.018978	-1.562500	0.009413
CASE	991012990	74	nn	0.060006	0.074014	13.812500	0.037901
CASE	991013000	84	nn	0.006162	0.006108	2.562500	0.008050
CASE	991013030	29	bb	-0.001042	-0.002640	1.062500	0.001309
CASE	991013240	64	nn	-0.021537	-0.031141	-1.062500	0.014073
CASE	991013250	76	nn	-0.013132	-0.021333	0.625000	0.004010
CASE	991013400	54	bb	-0.008283	-0.017568	4.312500	0.003757
CASE	991013630	27	nn	-0.014403	-0.017774	-2.437500	0.003306
CASE	991013730	39	nn	0.001314	-0.005837	7.250000	0.002738
CASE	991013770	81	nn	0.006223	0.003238	5.187500	0.006987
CASE	991013820	41	nn	-0.027420	-0.024650	-17.687500	0.002181
CASE	991013860	79	nn	-0.022748	-0.025358	-8.687500	0.011488
CASE	991013880	17	nn	0.004680	0.000000	7.437500	0.068685
CASE	991013900	38	nn	-0.005473	-0.012715	3.875000	0.016838
CASE	991013990	42	nn	0.028405	0.034339	6.875000	0.006591
CASE	991014020	68	bb	-0.025010	-0.024436	-12.062500	0.008924
CASE	991014030	83	bb	0.016021	0.018842	3.687500	0.009301
CASE	991014070	37	bb	0.005877	0.010828	-1.937500	0.007728
CASE	991014080	46	nn	0.001072	0.003782	-1.750000	0.006442
CASE	991014090	56	nn	0.066278	0.076577	19.312500	0.006652
CASE	991014110	74	nn	-0.033942	-0.042680	-7.062500	0.013749
CASE	991014330	37	nn	0.015323	0.018804	2.562500	0.009529
CASE	991014340	47	nn	0.004578	0.003845	4.125000	0.001584
CASE	991014370	75	mixed	0.009396	0.016066	-1.625000	0.022787
CASE	991014480	17	bb	-0.097145	-0.125000	-17.500000	0.197679
CASE	991014520	57	bb	-0.032704	-0.040210	-7.125000	0.005056
CASE	991014540	72	nn	-0.014760	-0.014573	-6.250000	0.009740
CASE	991014580	31	bb	-0.003623	-0.001522	-4.000000	0.000185
CASE	991014870	61	nn	0.027702	0.034933	3.562500	0.013338
CASE	991014880	71	mixed	0.017561	0.032676	-3.875000	0.019877
CASE	991014950	54	nn	-0.065259	-0.076935	-17.875000	0.008906
CASE	991014960	64	bb	-0.009715	-0.006466	-6.750000	0.018994
CASE	991015040	57	nn	-0.052468	-0.064107	-12.875000	0.005220
CASE	991015130	64	nn	-0.017205	-0.020377	-2.812500	0.010714
CASE	991015620	33	nn	0.020761	0.018678	17.875000	0.001751
CASE	991015650	65	bb	-0.016558	-0.017238	-6.125000	0.009370
CASE	991015660	73	nn	-0.019054	-0.021154	-6.250000	0.015481
CASE	991015750	80	nn	-0.010231	-0.009150	-5.562500	0.004491
CASE	991015810	57	nn	-0.021731	-0.021979	-10.937500	0.004819
CASE	991015830	75	nn	0.002500	-0.001319	5.187500	0.009931
CASE	991015910	69	nn	0.031917	0.040025	6.812500	0.007591
CASE	991015920	81	nn	0.036100	0.038734	12.500000	0.006528
CASE	991015940	13	nn	-0.035468	-0.062500	8.125000	0.176004
CASE	991015960	35	nn	-0.005090	-0.000931	-11.312500	0.001457
CASE	991016010	81	nn	0.022116	0.024095	8.937500	0.023657
CASE	991016070	59	nn	-0.080906	-0.095540	-22.562500	0.010292
CASE	991016160	62	nn	0.018552	0.019374	9.000000	0.011780
CASE	991016180	81	nn	-0.000810	-0.003020	0.250000	0.017977
CASE	991016260	73	nn	-0.029529	-0.028248	-13.750000	0.014624
CASE	991016300	27	nn	-0.047229	-0.054355	-13.875000	0.020548
CASE	991016390	33	bb	-0.012709	-0.014164	-4.375000	0.003969
CASE	991016450	9	nn	0.007725	0.000000	8.625000	0.134313
CASE	991016600	72	nn	0.030417	0.032419	12.375000	0.014472
CASE	991016660	45	nn	-0.002048	-0.000279	-3.500000	0.003109
CASE	991016780	79	nn	-0.021359	-0.028142	-2.875000	0.020322
CASE	991016810	24	nn	-0.008753	-0.000735	-10.250000	0.032075
CASE	991016830	44	nn	0.075752	0.085885	28.687500	0.032214
CASE	991016850	64	nn	0.009636	0.009563	4.375000	0.001830
CASE	991016860	72	nn	0.015105	0.015526	5.312500	0.010754
CASE	991016880	8	nn	-0.001787	0.000000	-2.500000	0.000118
CASE	991016890	13	nn	-0.032302	-0.031250	-18.250000	0.042178
CASE	991016950	77	nn	-0.014462	-0.014314	-6.062500	0.014645
CASE	991017090	47	nn	-0.003354	-0.005411	0.062500	0.013137
CASE	991017230	14	nn	0.001891	0.000000	2.750000	0.000191
CASE	991017370	68	nn	-0.012380	-0.012275	-5.437500	0.009870
CASE	991017380	74	bb	0.028126	0.035054	6.250000	0.012319
CASE	991017680	35	nn	-0.039558	-0.039862	-16.250000	0.003718
CASE	991017730	79	nn	-0.026498	-0.027010	-10.562500	0.007675
CASE	991017850	32	nn	-0.009638	-0.014105	-0.187500	0.002320
CASE	991017870	47	nn	0.003930	0.003159	4.625000	0.000966
CASE	991017880	63	nn	0.034150	0.037140	13.000000	0.014816
CASE	991017900	82	nn	0.005014	0.008391	-0.937500	0.015698
CASE	991018110	34	nn	0.025205	0.036257	1.437500	0.040080
CASE	991018150	75	nn	-0.022734	-0.025560	-7.062500	0.007392
CASE	991018210	43	nn	-0.043558	-0.053838	-7.750000	0.005653
CASE	991018230	63	nn	0.031633	0.037729	8.687500	0.019777
CASE	991018270	22	bb	-0.007406	-0.010236	-0.750000	0.000913
CASE	991018420	1	nn	-0.016436	0.000000	-20.562500	0.000095
CASE	991018440	21	nn	0.004655	0.000000	4.625000	0.001277
CASE	991018580	73	nn	-0.039331	-0.043887	-12.500000	0.019573
CASE	991018610	13	nn	-0.007790	0.000000	-11.375000	0.064861
CASE	991018960	21	nn	-0.099756	-0.125000	-20.625000	0.133344
CASE	991018990	51	nn	0.016462	0.022808	-0.062500	0.015824
CASE	991019000	64	nn	-0.013426	-0.012069	-8.875000	0.003071
CASE	991019020	81	nn	-0.021873	-0.024473	-7.187500	0.007902
CASE	991019240	46	nn	-0.028642	-0.027497	-14.437500	0.014046
CASE	991019260	66	nn	-0.030607	-0.039420	-5.625000	0.002292
CASE	991019350	66	nn	0.056760	0.068599	13.500000	0.015881
CASE	991019430	62	nn	-0.025472	-0.030977	-6.000000	0.004533
CASE	991019440	75	nn	0.032875	0.038040	9.187500	0.010398
CASE	991019670	44	nn	-0.016844	-0.017612	-9.687500	0.006959
CASE	991019780	69	nn	0.018975	0.027304	0.812500	0.018520
CASE	991019860	61	bb	-0.048005	-0.056632	-12.500000	0.015490
CASE	991019870	72	nn	-0.022719	-0.023422	-9.125000	0.009685
CASE	991019890	7	nn	-0.081775	-0.125000	2.250000	0.065540
CASE	991019990	21	nn	-0.226327	-0.312500	-23.000000	0.120204
CASE	991020040	72	nn	-0.023606	-0.028370	-6.000000	0.005991
CASE	991020190	50	nn	0.023387	0.029015	3.875000	0.005162
CASE	991020240	15	nn	-0.051000	-0.062500	-12.000000	0.176860
CASE	991020250	23	nn	0.045207	0.046488	20.250000	0.023292
CASE	991020270	45	nn	0.033246	0.038349	9.562500	0.007820
CASE	991020310	81	nn	-0.015295	-0.017779	-4.125000	0.002799
CASE	991020360	46	nn	0.042622	0.052800	9.375000	0.033883
CASE	991020370	59	nn	-0.014415	-0.021213	0.375000	0.013642
CASE	991020460	60	nn	-0.036908	-0.043887	-9.687500	0.010677
CASE	991020470	70	bb	0.031618	0.034677	13.062500	0.007545
CASE	991020490	5	nn	0.118785	0.187500	-9.250000	0.164714
CASE	991020530	45	nn	-0.042845	-0.051403	-11.062500	0.012639
CASE	991020630	58	nn	-0.037566	-0.048265	-6.125000	0.026795
CASE	991020740	81	nn	0.021285	0.025952	4.375000	0.016016
CASE	991020850	23	bb	0.000367	-0.002691	2.937500	0.000002
CASE	991020890	61	nn	-0.009758	-0.010875	-3.125000	0.009289
CASE	991020980	67	nn	0.006504	0.008933	0.937500	0.003069
CASE	991021060	60	nn	0.027116	0.034750	6.062500	0.008311
CASE	991021170	82	nn	-0.002168	0.001873	-2.812500	0.008380
CASE	991021190	17	nn	0.063675	0.062500	30.875000	0.249783
CASE	991021200	29	bb	0.001935	0.002996	0.062500	0.002399
CASE	991021420	72	nn	-0.006753	-0.002888	-6.875000	0.005329
CASE	991021510	81	nn	-0.052229	-0.062053	-14.312500	0.002944
CASE	991021580	65	nn	-0.061749	-0.071687	-17.562500	0.014556
CASE	991021600	80	nn	-0.046919	-0.055439	-12.250000	0.006349
CASE	991021710	22	nn	0.003964	0.002532	4.687500	0.000354
CASE	991022020	75	nn	-0.009416	-0.003552	-8.000000	0.014619
CASE	991022030	83	nn	0.005231	0.009730	-2.250000	0.020135
CASE	991022060	23	nn	0.132196	0.164666	28.750000	0.026093
CASE	991022090	54	nn	-0.024293	-0.028033	-7.062500	0.010258
CASE	991022110	75	nn	0.026404	0.031972	7.312500	0.012929
CASE	991022200	80	nn	-0.028402	-0.031946	-9.000000	0.040496
CASE	991022360	68	nn	-0.067213	-0.076546	-21.937500	0.020254
CASE	991022400	20	nn	-0.091299	-0.125000	-10.000000	0.131699
CASE	991022570	22	bb	-0.010131	-0.006092	-8.937500	0.005355
CASE	991022650	17	nn	-0.005595	0.000000	-11.937500	0.000705
CASE	991022670	35	nn	-0.001222	-0.001556	-0.562500	0.000216
CASE	991022690	56	bb	-0.006498	-0.010132	0.375000	0.003373
CASE	991022780	57	nn	0.006434	-0.000121	8.187500	0.003595
CASE	991022860	55	nn	-0.009767	-0.016169	6.187500	0.008070
CASE	991022890	81	bb	-0.052998	-0.064888	-12.125000	0.001865
CASE	991023040	57	nn	0.000024	-0.001839	2.000000	0.003183
CASE	991023090	26	nn	-0.029699	-0.032262	-12.875000	0.011989
CASE	991023230	80	bb	-0.006459	-0.008028	-1.375000	0.005603
CASE	991023290	55	nn	0.010121	0.013717	1.000000	0.009907
CASE	991023660	81	nn	-0.008557	-0.003391	-8.125000	0.011460
CASE	991023710	43	bb	0.032172	0.039772	7.000000	0.017291
CASE	991023890	51	nn	-0.012489	-0.017158	-0.937500	0.009293
CASE	991023960	37	nn	-0.090124	-0.113807	-18.812500	0.016774
CASE	991024090	79	nn	-0.024529	-0.024843	-14.187500	0.004135
CASE	991024170	74	bb	0.027856	0.031006	9.812500	0.016679
CASE	991024230	47	nn	0.002921	0.006205	-1.625000	0.001383
CASE	991024260	77	nn	0.027928	0.033088	7.312500	0.003284
CASE	991024350	81	nn	-0.038476	-0.052057	-5.625000	0.008435
CASE	991024500	59	nn	-0.000752	0.001291	-3.250000	0.009985
CASE	991024510	68	nn	-0.049361	-0.062804	-9.312500	0.017570
CASE	991024600	74	nn	-0.017080	-0.019364	-6.125000	0.017762
CASE	991024650	35	nn	0.000225	0.000614	-0.625000	0.001086
CASE	991024810	26	nn	-0.005396	-0.005755	0.750000	0.001033
CASE	991024860	76	mixed	0.001950	0.011076	-5.750000	0.033042
CASE	991024920	51	nn	0.015800	0.015307	7.062500	0.007515
CASE	991024940	71	nn	-0.009014	-0.008281	-4.187500	0.005035
CASE	991024950	81	nn	-0.048123	-0.052573	-15.937500	0.010741
CASE	991025080	39	nn	0.043066	0.056537	6.375000	0.017303
CASE	991025240	26	bb	0.007836	0.010007	1.375000	0.001471
CASE	991025290	73	nn	-0.000919	-0.006159	4.625000	0.014170
CASE	991025470	80	nn	-0.042626	-0.045335	-15.375000	0.013350
CASE	991025480	4	nn	0.028608	0.062500	-17.625000	0.033821
CASE	991025510	36	nn	-0.018434	-0.022652	-5.625000	0.006650
CASE	991025590	28	nn	-0.006949	-0.003882	-6.375000	0.037503
CASE	991025620	63	bb	-0.002505	-0.002955	-0.750000	0.000047
CASE	991025780	48	bb	0.004683	0.004626	2.062500	0.000351
CASE	991025860	43	nn	-0.015588	-0.018543	-4.625000	0.003202
CASE	991025950	44	nn	-0.010517	-0.007426	-12.312500	0.004197
CASE	991026040	53	nn	-0.011064	-0.003078	-16.000000	0.015443
CASE	991026230	70	nn	-0.030125	-0.034355	-9.750000	0.019742
CASE	991026250	3	nn	0.058829	0.062500	22.750000	0.241841
CASE	991026280	33	nn	-0.006129	-0.009883	0.437500	0.023137
CASE	991026290	44	nn	-0.004868	-0.006325	-1.000000	0.002418
CASE	991026310	65	nn	-0.029222	-0.042087	2.500000	0.010437
CASE	991026350	17	nn	0.065281	0.093750	4.062500	0.081470
CASE	991026450	31	nn	-0.037770	-0.042971	-11.437500	0.019004
CASE	991026550	43	nn	-0.039091	-0.049363	-7.937500	0.032157
CASE	991026570	62	bb	0.012860	0.013358	5.250000	0.011864
CASE	991026840	77	nn	0.020938	0.027070	3.875000	0.009251
CASE	991026930	80	nn	0.006888	0.007875	2.937500	0.002637
CASE	991027000	65	bb	-0.027048	-0.032823	-6.062500	0.006028
CASE	991027050	31	nn	0.043246	0.057040	6.812500	0.009806
CASE	991027130	25	bb	-0.020854	-0.019403	-9.625000	0.005602
CASE	991027190	80	nn	-0.034709	-0.042362	-7.312500	0.023400
CASE	991027240	49	nn	0.000882	0.001790	0.312500	0.003258
CASE	991027260	67	nn	0.019292	0.020383	7.875000	0.008627
CASE	991027390	27	nn	0.020782	0.025556	4.812500	0.045991
CASE	991027410	43	nn	0.024028	0.026874	7.937500	0.010008
CASE	991027600	62	nn	0.010155	0.007888	6.437500	0.021213
CASE	991027830	36	bb	-0.011009	-0.016644	0.125000	0.000522
CASE	991027860	66	nn	-0.010753	-0.013363	-1.125000	0.004757
CASE	991027870	75	bb	0.009193	0.015808	-4.437500	0.014102
CASE	991027990	23	nn	0.000419	-0.000228	0.687500	0.000003
CASE	991028000	34	nn	-0.001992	-0.002407	-0.375000	0.000239
CASE	991028030	62	nn	0.031582	0.043210	4.125000	0.012773
CASE	991028050	81	nn	-0.057096	-0.064304	-17.562500	0.010835
CASE	991028220	79	nn	0.004514	0.007573	-0.937500	0.003512
CASE	991028260	37	nn	0.003843	0.005065	0.375000	0.004616
CASE	991028360	48	nn	-0.001820	-0.001047	-3.437500	0.000183
CASE	991028480	80	bb	-0.042571	-0.049662	-11.750000	0.011225
CASE	991028520	39	bb	0.000000	0.000000	0.000000	0.000000
CASE	991028550	67	nn	-0.019509	-0.024565	-3.562500	0.004333
CASE	991028630	60	nn	-0.010798	-0.011474	-3.750000	0.011349
CASE	991028640	68	nn	0.011057	0.011772	6.500000	0.002003
CASE	991028730	76	nn	-0.030471	-0.035399	-8.937500	0.011952
CASE	991028800	60	nn	-0.017760	-0.021324	-5.500000	0.000948
CASE	991028870	39	nn	-0.006290	-0.010537	1.437500	0.023805
CASE	991029030	33	bb	-0.002631	-0.001666	-2.000000	0.000980
CASE	991029070	70	nn	0.021398	0.022469	9.437500	0.024296
CASE	991029080	81	nn	0.025075	0.026945	7.500000	0.027063
CASE	991029140	53	bb	-0.012098	-0.015039	-2.437500	0.007137
CASE	991029150	65	mixed	-0.020501	-0.028329	-1.687500	0.021773
CASE	991029200	31	bb	0.032807	0.034526	13.187500	0.004474
CASE	991029250	81	nn	-0.024728	-0.029668	-4.750000	0.017907
CASE	991029300	44	nn	0.006469	0.004467	4.375000	0.015035
CASE	991029310	52	nn	0.008195	0.009757	1.937500	0.008524
CASE	991029330	74	nn	0.029580	0.034672	8.187500	0.021648
CASE	991029340	81	bb	0.002165	-0.001460	3.875000	0.008348
CASE	991029390	49	nn	-0.018478	-0.019648	-6.750000	0.012403
CASE	991029520	7	nn	-0.002694	0.000000	-4.937500	0.000170
CASE	991029670	68	nn	-0.023243	-0.031916	-1.437500	0.018780
CASE	991029990	43	nn	-0.021024	-0.028375	-2.125000	0.017789
CASE	991030080	50	nn	0.026794	0.030918	9.062500	0.017018
CASE	991030140	24	nn	-0.010025	-0.003187	-16.812500	0.000729
CASE	991030300	7	nn	-0.003072	0.000000	-4.250000	0.000089
CASE	991030370	82	nn	-0.032838	-0.041673	-6.687500	0.014269
CASE	991030480	20	nn	0.240771	0.343750	13.437500	0.121423
CASE	991030500	39	nn	0.023871	0.029978	5.000000	0.016422
CASE	991030690	58	nn	-0.010588	-0.014018	-1.812500	0.020643
CASE	991030730	12	nn	-0.007447	0.000000	-9.812500	0.065851
CASE	991030750	32	nn	-0.043968	-0.054232	-9.500000	0.031945
CASE	991030850	42	nn	0.013203	0.016278	2.750000	0.011766
CASE	991030860	57	nn	-0.006676	-0.006060	-3.625000	0.011167
CASE	991030970	80	nn	0.006867	0.013121	-2.625000	0.009850
CASE	991031090	23	bb	0.018572	0.017768	8.312500	0.002408
CASE	991031140	78	nn	-0.029682	-0.030088	-11.687500	0.014611
CASE	991031200	52	nn	0.002105	0.001652	1.187500	0.019257
CASE	991031280	41	nn	0.039205	0.048574	9.062500	0.012283
CASE	991031380	61	bb	-0.039855	-0.047458	-10.375000	0.011367
CASE	991031420	9	bb	-0.042406	-0.062500	-0.875000	0.033824
CASE	991031520	28	nn	0.006457	0.013425	-6.187500	0.001549
CASE	991031650	70	nn	-0.021567	-0.021575	-8.062500	0.014059
CASE	991031700	37	bb	-0.028644	-0.037749	-4.125000	0.026793
CASE	991031780	30	bb	0.001397	0.002239	0.000000	0.001470
CASE	991031820	71	nn	0.051263	0.055868	17.625000	0.004666
CASE	991031870	35	nn	0.013189	0.022029	-2.687500	0.024246
CASE	991031890	55	bb	0.041793	0.050446	10.000000	0.018807
CASE	991031920	79	nn	0.012333	0.016222	2.250000	0.008671
CASE	991032000	75	nn	0.001650	0.000863	1.375000	0.006942
CASE	991032040	31	bb	-0.016791	-0.020991	-3.500000	0.022500
CASE	991032090	83	nn	-0.049058	-0.055114	-16.750000	0.008808
CASE	991032150	56	nn	0.047896	0.053592	17.250000	0.008948
CASE	991032200	21	nn	0.084371	0.125000	1.125000	0.123423
CASE	991032230	45	nn	-0.011179	-0.012025	-6.125000	0.007154
CASE	991032340	74	bb	-0.014174	-0.019037	-2.000000	0.010855
CASE	991032430	78	nn	-0.014197	-0.010722	-8.937500	0.003706
CASE	991032510	70	nn	0.031325	0.031592	12.812500	0.012145
CASE	991032570	46	bb	-0.000261	-0.000183	-0.187500	0.000050
CASE	991032630	19	nn	-0.041565	-0.062500	-0.812500	0.099697
CASE	991032650	41	bb	-0.060929	-0.073507	-14.687500	0.007208
CASE	991032730	34	nn	0.035174	0.042465	8.125000	0.037897
CASE	991032750	51	nn	0.039588	0.048074	9.625000	0.012026
CASE	991032760	65	nn	-0.002926	0.001261	-3.312500	0.008421
CASE	991032780	81	nn	0.011518	0.017026	-0.625000	0.014254
CASE	991032800	19	nn	-0.010974	0.000000	-25.375000	0.000354
CASE	991032810	25	nn	-0.026020	-0.027821	-10.375000	0.014366
CASE	991032940	72	nn	-0.000946	0.001060	-2.687500	0.007577
CASE	991033010	55	nn	0.000986	0.008997	-5.875000	0.011347
CASE	991033100	60	nn	0.042938	0.047239	14.875000	0.006839
CASE	991033140	14	bb	0.011468	0.000000	17.875000	0.000733
CASE	991033430	46	nn	-0.020962	-0.024983	-5.562500	0.004501
CASE	991033450	66	bb	-0.028442	-0.033165	-8.000000	0.007596
CASE	991033510	38	bb	-0.000960	0.003293	-7.375000	0.000628
CASE	991033530	61	nn	0.013564	0.014267	8.687500	0.006286
CASE	991033540	71	nn	-0.001315	0.000097	-2.000000	0.006910
CASE	991033710	66	nn	0.000760	0.001831	-0.250000	0.010897
CASE	991033830	14	nn	0.092243	0.125000	10.312500	0.139515
CASE	991033880	66	nn	-0.007624	-0.010586	-0.437500	0.002289
CASE	991033920	21	bb	-0.097550	-0.125000	-17.875000	0.077991
CASE	991033940	39	nn	0.001875	-0.001971	4.875000	0.009047
CASE	991033970	70	nn	-0.008828	-0.007211	-4.687500	0.009114
CASE	991033980	81	nn	-0.004398	-0.006188	-0.187500	0.005513
CASE	991034060	74	nn	-0.038454	-0.046908	-8.062500	0.029458
CASE	991034140	66	nn	-0.072435	-0.093804	-14.937500	0.011934
CASE	991034320	77	nn	-0.034813	-0.034126	-15.625000	0.019665
CASE	991034550	49	nn	0.023126	0.032510	1.625000	0.019306
CASE	991034660	70	bb	-0.013659	-0.017409	-2.562500	0.004184
CASE	991034820	56	nn	-0.008304	-0.011750	0.125000	0.008294
CASE	991034870	23	nn	0.050915	0.070769	4.500000	0.018874
CASE	991034980	49	nn	-0.067825	-0.083416	-15.062500	0.029728
CASE	991035090	72	nn	0.001283	-0.004701	5.625000	0.013882
CASE	991035240	49	nn	-0.001507	-0.003579	0.187500	0.020327
CASE	991035260	71	nn	-0.024861	-0.025308	-10.375000	0.002501
CASE	991035270	80	nn	-0.041195	-0.048212	-11.062500	0.014048
CASE	991035340	64	nn	0.034022	0.036863	11.750000	0.021674
CASE	991035470	23	bb	0.000600	0.000153	0.437500	0.000202
CASE	991035540	4	nn	0.214292	0.312500	7.312500	0.094331
CASE	991035570	37	bb	0.024384	0.029624	6.000000	0.012084
CASE	991035600	61	nn	0.019770	0.017652	9.750000	0.005205
CASE	991035670	51	nn	-0.052483	-0.064023	-12.062500	0.021201
CASE	991035770	62	nn	-0.017478	-0.016612	-8.500000	0.014654
CASE	991035780	71	nn	0.025131	0.031851	5.875000	0.014380
CASE	991035870	78	nn	0.009617	0.000231	12.687500	0.013286
CASE	991035930	51	nn	0.011860	0.014116	1.500000	0.022288
CASE	991036040	74	nn	0.012647	0.015431	2.000000	0.004721
CASE	991036110	57	nn	-0.019558	-0.025281	-3.000000	0.025768
CASE	991036130	79	nn	0.014023	0.015539	5.937500	0.011166
CASE	991036150	14	mixed	0.084633	0.125000	1.187500	0.067820
CASE	991036190	50	nn	0.027880	0.034961	5.625000	0.008016
CASE	991036200	61	nn	-0.010393	-0.011863	-5.187500	0.008122
CASE	991036240	19	nn	0.002399	0.000000	2.125000	0.001756
CASE	991036350	41	nn	0.001861	0.002667	0.250000	0.000009
CASE	991036470	74	nn	-0.028686	-0.034726	-8.000000	0.009095
CASE	991036490	6	nn	0.000154	0.000000	0.187500	0.000000
CASE	991036500	21	nn	-0.049928	-0.062500	-15.875000	0.015048
CASE	991036530	50	nn	0.001025	-0.000785	7.937500	0.000256
CASE	991036580	15	nn	-0.124542	-0.187500	2.625000	0.086862
CASE	991036600	33	nn	-0.043151	-0.042583	-22.500000	0.004632
CASE	991036710	55	nn	-0.025710	-0.023559	-12.500000	0.010662
CASE	991036720	68	nn	-0.040020	-0.047526	-11.062500	0.012214
CASE	991036780	41	bb	-0.005864	-0.008104	-0.562500	0.000257
CASE	991036800	60	mixed	-0.029465	-0.034137	-8.437500	0.022629
CASE	991036940	25	bb	-0.080027	-0.092712	-23.000000	0.053312
CASE	991037090	7	bb	-0.042958	-0.062500	-1.562500	0.029084
CASE	991037240	72	nn	-0.061593	-0.067945	-20.375000	0.017909
CASE	991037300	45	nn	-0.043956	-0.049766	-13.125000	0.014834
CASE	991037330	74	nn	-0.025968	-0.027280	-8.312500	0.021408
CASE	991037390	50	nn	-0.063946	-0.068588	-24.625000	0.019292
CASE	991037420	81	nn	0.030591	0.031458	13.312500	0.022516
CASE	991037670	68	nn	-0.021642	-0.024179	-8.375000	0.003888
CASE	991037750	65	bb	0.048169	0.055345	13.437500	0.015102
CASE	991037760	74	nn	-0.005287	-0.002778	-7.125000	0.020846
CASE	991037920	63	nn	-0.011614	-0.014458	-2.250000	0.014167
CASE	991037950	9	nn	-0.000480	0.000000	-0.687500	0.000143
CASE	991037980	38	nn	-0.016001	-0.014881	-9.812500	0.001903
CASE	991038050	22	bb	0.006044	0.011123	-1.937500	0.009666
CASE	991038110	80	nn	-0.014416	-0.011652	-7.625000	0.019712
CASE	991038120	5	bb	-0.000296	0.000000	-0.562500	0.000008
CASE	991038270	71	nn	-0.000182	0.000571	-1.500000	0.005592
CASE	991038280	80	nn	0.021012	0.024381	5.437500	0.013136
CASE	991038340	52	bb	-0.013458	-0.015698	-4.250000	0.000768
CASE	991038350	62	nn	-0.016595	-0.019376	-4.812500	0.019385
CASE	991038370	80	mixed	-0.016955	-0.016338	-7.937500	0.014066
CASE	991038400	27	nn	0.003381	0.002048	2.687500	0.001556
CASE	991038420	45	nn	-0.071665	-0.084559	-20.625000	0.046149
CASE	991038500	42	bb	-0.011552	-0.018484	1.437500	0.035253
CASE	991038580	33	nn	-0.010129	-0.009509	-3.687500	0.001552
CASE	991038610	63	nn	-0.056198	-0.064861	-15.750000	0.012688
CASE	991038640	10	nn	0.004676	0.000000	9.000000	0.000164
CASE	991038680	48	nn	-0.019448	-0.018848	-8.687500	0.034166
CASE	991038800	82	nn	-0.027903	-0.033621	-7.125000	0.008291
CASE	991038880	77	bb	0.026046	0.029835	7.625000	0.005189
CASE	991038940	51	bb	-0.002873	-0.001535	-2.625000	0.001217
CASE	991039010	34	nn	-0.018652	-0.013186	-14.062500	0.002157
CASE	991039050	76	nn	0.027073	0.027900	11.062500	0.014788
CASE	991039300	67	nn	0.003579	-0.001924	6.187500	0.003389
CASE	991039350	31	nn	0.048474	0.059746	11.562500	0.051362
CASE	991039650	71	nn	-0.002883	-0.003225	-1.375000	0.001782
CASE	991039740	79	nn	0.001569	0.001495	3.500000	0.013158
CASE	991039760	13	nn	0.001993	0.000000	3.125000	0.072061
CASE	991039770	20	bb	0.001281	0.000000	1.875000	0.000011
CASE	991039850	17	bb	-0.005197	0.000000	-8.125000	0.000476
CASE	991039880	43	nn	-0.018196	-0.021424	-6.250000	0.002401
CASE	991039960	41	nn	0.022437	0.015184	16.812500	0.003235
POS	3905	529
