CASE	991000038	21	nn	-0.013737	0.000000	-32.437500	0.000780
CASE	991000208	21	nn	0.103510	0.125000	26.750000	0.200509
CASE	991000318	45	nn	0.037730	0.037820	15.687500	0.007453
CASE	991000338	62	nn	0.000503	-0.002235	2.687500	0.013930
CASE	991000348	74	nn	-0.045758	-0.047306	-20.750000	0.026190
CASE	991000408	44	nn	-0.036637	-0.040171	-14.750000	0.005246
CASE	991000428	69	nn	-0.033210	-0.036445	-13.625000	0.016379
CASE	991000478	31	nn	0.014848	0.012650	8.062500	0.016773
CASE	991000498	52	nn	0.051176	0.056601	18.750000	0.014630
CASE	991000678	58	bb	-0.025667	-0.034395	-3.750000	0.010430
CASE	991000698	81	bb	0.012712	0.017631	1.125000	0.009557
CASE	991000818	24	nn	-0.025716	-0.031250	-6.500000	0.012415
CASE	991000898	23	nn	-0.015990	-0.018958	-4.062500	0.006884
CASE	991000908	33	nn	-0.010026	-0.008746	-5.750000	0.015967
CASE	991000928	52	nn	-0.041945	-0.051964	-10.062500	0.023435
CASE	991001078	31	nn	0.012100	0.017957	-0.187500	0.013341
CASE	991001098	51	nn	0.003740	0.005841	-0.875000	0.002542
CASE	991001108	59	nn	-0.016153	-0.012442	-17.125000	0.000360
CASE	991001118	71	nn	-0.042233	-0.048034	-12.750000	0.013612
CASE	991001258	35	nn	0.027380	0.035680	6.062500	0.009507
CASE	991001268	48	nn	-0.034652	-0.037036	-16.437500	0.008124
CASE	991001298	75	bb	0.028256	0.032660	8.250000	0.006872
CASE	991001388	81	nn	0.084034	0.091159	33.562500	0.006012
CASE	991001418	22	nn	-0.003605	-0.007828	3.625000	0.003242
CASE	991001458	64	nn	-0.104930	-0.128722	-23.687500	0.034485
CASE	991001498	18	bb	0.000990	0.000000	2.687500	0.000058
CASE	991001538	61	bb	-0.015087	-0.017163	-4.437500	0.013171
CASE	991001718	68	nn	0.019269	0.017042	10.875000	0.017891
CASE	991001728	74	bb	0.019732	0.025502	3.312500	0.008426
CASE	991001828	4	nn	-0.000549	0.000000	-0.875000	0.000089
CASE	991001838	17	bb	-0.066672	-0.093750	-5.062500	0.193222
CASE	991001858	35	nn	-0.015506	-0.016061	-7.812500	0.001254
CASE	991001988	79	nn	-0.075555	-0.088503	-20.750000	0.022664
CASE	991002228	63	nn	0.083073	0.095467	23.937500	0.016528
CASE	991002248	82	nn	-0.041335	-0.046226	-11.875000	0.015668
CASE	991002508	81	bb	-0.004543	-0.003569	-1.437500	0.006855
CASE	991002638	38	nn	-0.001678	0.000526	-3.437500	0.000404
CASE	991002648	52	nn	0.019330	0.022114	5.687500	0.006766
CASE	991002668	69	bb	0.010960	0.010897	6.250000	0.001811
CASE	991002678	80	bb	-0.018244	-0.016882	-9.187500	0.014202
CASE	991002698	15	nn	0.133458	0.187500	10.250000	0.086348
CASE	991002748	67	nn	0.028867	0.032573	8.812500	0.006262
CASE	991002758	75	nn	0.039367	0.043201	12.937500	0.022331
CASE	991002798	30	nn	-0.006012	-0.005299	-3.062500	0.014087
CASE	991002918	60	nn	-0.011850	-0.012677	-5.562500	0.001305
CASE	991002978	37	bb	-0.055912	-0.074070	-7.812500	0.013315
CASE	991003088	63	bb	0.021498	0.025291	5.437500	0.005257
CASE	991003138	26	bb	-0.019666	-0.020469	-8.125000	0.013819
CASE	991003188	74	nn	0.051267	0.057335	16.812500	0.014455
CASE	991003208	9	bb	0.002251	0.000000	2.937500	0.071003
CASE	991003218	21	nn	-0.046675	-0.062500	-10.187500	0.034248
CASE	991003268	70	bb	-0.017033	-0.022038	-2.750000	0.003820
CASE	991003368	83	nn	0.069227	0.081411	19.750000	0.026063
CASE	991003528	73	nn	0.020708	0.024447	6.375000	0.008106
CASE	991003688	59	bb	0.000485	0.000838	-1.187500	0.000316
CASE	991003768	55	nn	-0.001614	-0.005969	2.812500	0.012651
CASE	991003788	73	nn	-0.006727	-0.004663	-11.875000	0.021662
CASE	991003948	57	mixed	-0.040150	-0.047362	-11.375000	0.007498
CASE	991003968	79	nn	-0.048997	-0.057242	-15.312500	0.010489
CASE	991004008	35	nn	0.015174	0.011949	10.062500	0.018107
CASE	991004038	65	nn	0.036508	0.043016	11.187500	0.026898
CASE	991004108	49	nn	0.048437	0.053114	22.062500	0.015661
CASE	991004118	61	nn	-0.043128	-0.050877	-11.187500	0.013810
CASE	991004128	67	bb	-0.084318	-0.102746	-19.312500	0.013162
CASE	991004218	74	nn	-0.027462	-0.029226	-11.062500	0.011917
CASE	991004328	13	nn	-0.036436	-0.062500	7.625000	0.101253
CASE	991004368	53	nn	-0.092843	-0.106029	-28.062500	0.015375
CASE	991004468	62	nn	-0.029262	-0.040014	-2.750000	0.026787
CASE	991004518	30	bb	-0.025685	-0.032422	-4.812500	0.017453
CASE	991004608	35	nn	0.040592	0.054941	4.687500	0.005678
CASE	991004698	38	nn	-0.064110	-0.074506	-18.750000	0.024636
CASE	991004738	79	nn	0.012530	0.011127	6.250000	0.010230
CASE	991004758	9	nn	-0.011755	0.000000	-20.375000	0.000586
CASE	991004768	17	nn	-0.177757	-0.250000	-13.625000	0.104921
CASE	991004778	28	nn	-0.013120	-0.023887	10.375000	0.011585
CASE	991004838	5	nn	-0.110102	-0.156250	-7.375000	0.056418
CASE	991005158	67	nn	0.004228	-0.002924	9.625000	0.006581
CASE	991005168	76	nn	0.004120	0.003811	2.812500	0.012532
CASE	991005228	53	nn	0.058830	0.071282	13.812500	0.012553
CASE	991005238	58	nn	-0.001177	0.003629	-3.937500	0.007075
CASE	991005358	9	nn	0.101414	0.125000	23.500000	0.194299
CASE	991005428	79	nn	-0.042820	-0.051624	-11.812500	0.011946
CASE	991005468	35	nn	0.008113	0.003172	8.875000	0.005689
CASE	991005498	63	nn	-0.032615	-0.035231	-12.812500	0.018454
CASE	991005598	79	nn	0.000274	0.003405	-2.812500	0.007592
CASE	991005728	32	nn	0.016454	0.023254	1.187500	0.019265
CASE	991005768	74	nn	-0.052693	-0.054803	-20.625000	0.024131
CASE	991005798	20	nn	-0.023311	-0.062500	25.687500	0.103759
CASE	991005938	75	bb	-0.007404	-0.008359	-2.687500	0.004992
CASE	991005968	18	nn	-0.004368	0.000000	-7.437500	0.001345
CASE	991006018	67	bb	0.011195	0.010869	4.687500	0.007799
CASE	991006028	77	nn	0.004159	0.015570	-8.750000	0.004858
CASE	991006108	73	nn	-0.023746	-0.022147	-13.687500	0.009336
CASE	991006328	29	nn	0.055727	0.065386	15.687500	0.006624
CASE	991006358	63	nn	-0.020925	-0.022439	-8.750000	0.004331
CASE	991006388	8	nn	0.011750	0.000000	16.187500	0.134308
CASE	991006408	23	nn	0.077626	0.092461	20.812500	0.029585
CASE	991006538	73	bb	-0.037487	-0.043986	-10.312500	0.009890
CASE	991006778	52	nn	0.007653	0.004362	10.812500	0.000231
CASE	991006838	26	nn	0.040279	0.044155	12.187500	0.073913
CASE	991006858	45	nn	-0.006699	-0.010356	0.250000	0.009234
CASE	991006948	52	nn	-0.016490	-0.016961	-6.687500	0.010257
CASE	991007038	55	nn	0.009793	0.006629	8.437500	0.002433
CASE	991007058	74	bb	-0.019166	-0.019550	-7.125000	0.003864
CASE	991007288	47	nn	0.008807	0.014756	-1.312500	0.013781
CASE	991007298	59	bb	-0.003297	-0.001996	-2.375000	0.014403
CASE	991007318	79	nn	-0.075269	-0.084316	-27.562500	0.010676
CASE	991007388	62	bb	-0.000812	0.000325	-1.250000	0.000113
CASE	991007438	27	bb	0.002248	-0.002185	6.250000	0.000820
CASE	991007478	65	nn	-0.019732	-0.027999	-2.250000	0.009980
CASE	991007568	71	nn	-0.020812	-0.024915	-5.375000	0.007922
CASE	991007578	79	nn	0.107703	0.127705	27.687500	0.013085
CASE	991007628	42	nn	-0.008978	-0.008277	-5.625000	0.004246
CASE	991007668	82	bb	0.017399	0.016773	8.125000	0.003553
CASE	991007738	64	nn	-0.047415	-0.053784	-15.312500	0.008019
CASE	991007768	11	nn	-0.007823	0.000000	-10.625000	0.000665
CASE	991007868	24	nn	-0.002174	-0.007206	3.250000	0.011259
CASE	991007948	21	nn	-0.012532	-0.031250	13.187500	0.110201
CASE	991008048	33	nn	0.005091	0.005416	1.687500	0.010333
CASE	991008158	58	bb	-0.001053	0.000060	-2.500000	0.002890
CASE	991008178	76	nn	0.036865	0.044863	7.062500	0.028030
CASE	991008298	23	nn	0.011097	0.005001	16.187500	0.000500
CASE	991008338	64	nn	0.013222	0.019230	-0.437500	0.007825
CASE	991008348	75	nn	-0.040206	-0.046354	-15.000000	0.010051
CASE	991008428	70	nn	-0.036244	-0.037713	-16.312500	0.004254
CASE	991008628	9	nn	0.083588	0.125000	0.250000	0.127849
CASE	991008738	34	nn	0.013144	0.015221	4.000000	0.044531
CASE	991008758	54	nn	-0.034387	-0.038836	-10.312500	0.011950
CASE	991008768	61	nn	0.021361	0.023916	6.500000	0.007735
CASE	991008828	40	nn	-0.029219	-0.038118	-5.000000	0.013905
CASE	991008868	80	nn	0.035305	0.039737	12.437500	0.004949
CASE	991008928	49	bb	0.026605	0.029088	10.500000	0.008771
CASE	991008938	64	nn	0.042793	0.045417	15.687500	0.014050
CASE	991008958	81	nn	-0.033542	-0.038492	-9.937500	0.015298
CASE	991009008	49	nn	-0.014094	-0.011289	-8.187500	0.031707
CASE	991009018	54	nn	-0.061952	-0.071421	-21.562500	0.008302
CASE	991009128	79	bb	0.003798	0.004519	0.937500	0.001559
CASE	991009138	5	nn	0.007170	0.000000	9.375000	0.000159
CASE	991009328	23	nn	0.000208	0.004755	-4.812500	0.006148
CASE	991009438	44	bb	-0.015533	-0.015553	-7.875000	0.004606
CASE	991009458	64	nn	-0.024274	-0.029084	-4.625000	0.023482
CASE	991009528	50	nn	-0.028989	-0.036750	-5.750000	0.010603
CASE	991009558	82	nn	0.004221	0.005836	-0.062500	0.013825
CASE	991009728	80	nn	-0.065953	-0.075318	-19.625000	0.020809
CASE	991009958	52	nn	-0.019177	-0.018836	-8.125000	0.005403
CASE	991009978	68	nn	-0.007999	-0.010101	-1.625000	0.004828
CASE	991009998	7	nn	0.000000	0.000000	0.000000	0.000000
CASE	991010068	75	nn	0.006808	0.007480	3.000000	0.007807
CASE	991010158	76	nn	-0.022835	-0.022251	-11.000000	0.007613
CASE	991010228	65	nn	-0.055398	-0.067654	-12.437500	0.006486
CASE	991010278	29	nn	-0.006718	-0.019822	7.687500	0.025271
CASE	991010488	64	nn	-0.010997	-0.013488	-3.625000	0.008390
CASE	991010578	67	nn	-0.007492	-0.008214	-2.812500	0.018430
CASE	991010638	44	nn	0.001290	0.002090	-0.125000	0.000259
CASE	991010668	72	nn	0.014175	0.022582	-2.000000	0.009314
CASE	991010678	81	nn	-0.020698	-0.022730	-7.937500	0.015100
CASE	991010738	57	nn	0.018350	0.020477	6.375000	0.006402
CASE	991010748	66	nn	-0.017627	-0.019837	-5.500000	0.009505
CASE	991010848	80	nn	-0.022058	-0.021989	-9.062500	0.007373
CASE	991010858	4	nn	0.045836	0.062500	5.062500	0.032018
CASE	991010908	54	nn	-0.018416	-0.020753	-5.687500	0.005496
CASE	991010918	65	nn	-0.016513	-0.022666	-2.187500	0.015736
CASE	991010988	51	nn	0.027872	0.029024	10.375000	0.029632
CASE	991011008	67	nn	0.008969	0.007604	5.000000	0.025344
CASE	991011018	81	nn	-0.016702	-0.019065	-5.375000	0.012527
CASE	991011088	62	nn	0.007569	0.033973	-17.875000	0.021367
CASE	991011138	28	bb	-0.011273	-0.004862	-13.937500	0.000761
CASE	991011158	46	nn	-0.018360	-0.009738	-20.812500	0.000474
CASE	991011248	51	bb	-0.022577	-0.026180	-6.500000	0.010487
CASE	991011268	72	bb	-0.029110	-0.032433	-10.000000	0.002594
CASE	991011378	7	nn	-0.003707	0.000000	-12.625000	0.000109
CASE	991011428	59	nn	0.031998	0.035956	11.562500	0.017769
CASE	991011568	27	bb	-0.002952	-0.001738	-2.625000	0.000085
CASE	991011698	70	nn	0.022866	0.025772	6.625000	0.019020
CASE	991011858	57	nn	-0.021488	-0.027345	-4.375000	0.009237
CASE	991011878	81	nn	-0.035118	-0.036019	-15.625000	0.003976
CASE	991012048	76	nn	-0.041384	-0.048965	-10.750000	0.021306
CASE	991012148	7	bb	0.000035	0.000000	0.125000	0.000002
CASE	991012198	57	nn	-0.009247	-0.010845	-2.500000	0.002649
CASE	991012208	63	nn	-0.009081	-0.010495	-2.812500	0.002189
CASE	991012218	73	nn	-0.033669	-0.036855	-13.562500	0.009697
CASE	991012368	54	nn	-0.000715	-0.001796	0.562500	0.005613
CASE	991012468	66	bb	-0.014299	-0.015945	-4.750000	0.004434
CASE	991012478	79	nn	-0.018306	-0.018551	-8.937500	0.009045
CASE	991012518	31	nn	-0.023424	-0.034729	0.000000	0.011396
CASE	991012638	65	nn	0.019303	0.021453	6.062500	0.016481
CASE	991012878	44	nn	0.009395	0.013472	0.187500	0.002704
CASE	991012898	67	bb	-0.007344	-0.009786	-1.250000	0.014879
CASE	991012998	81	nn	0.008933	0.010918	1.687500	0.006430
CASE	991013038	36	nn	-0.044043	-0.050636	-12.625000	0.011319
CASE	991013108	21	nn	0.009328	0.000000	13.375000	0.215477
CASE	991013128	40	nn	0.000363	0.000400	0.125000	0.000002
CASE	991013148	59	nn	-0.003064	-0.001922	-1.500000	0.020186
CASE	991013168	76	bb	-0.010349	-0.012025	-2.875000	0.011201
CASE	991013188	10	nn	-0.007391	0.000000	-15.812500	0.000276
CASE	991013218	45	bb	-0.020362	-0.028272	-2.000000	0.024328
CASE	991013248	73	mixed	-0.055231	-0.054622	-26.937500	0.009720
CASE	991013418	72	nn	0.017026	0.019616	4.750000	0.013884
CASE	991013758	68	nn	0.020971	0.023407	8.437500	0.011415
CASE	991013818	38	nn	0.005425	0.006747	0.687500	0.007295
CASE	991013988	41	nn	-0.022539	-0.024119	-14.750000	0.057524
CASE	991014018	68	nn	-0.001668	-0.006994	5.625000	0.012699
CASE	991014118	81	bb	-0.010237	-0.012968	-1.875000	0.004159
CASE	991014168	48	nn	0.001768	0.002533	0.000000	0.010463
CASE	991014188	68	nn	-0.030349	-0.036505	-8.750000	0.007281
CASE	991014198	76	nn	-0.040058	-0.041486	-16.250000	0.012221
CASE	991014278	68	nn	-0.006667	-0.007658	-3.562500	0.001121
CASE	991014288	79	nn	-0.055208	-0.062291	-20.187500	0.006219
CASE	991014368	74	bb	-0.016062	-0.020968	-2.687500	0.008309
CASE	991014418	41	bb	-0.010509	-0.003376	-10.812500	0.002993
CASE	991014438	59	nn	-0.008208	-0.009505	-2.375000	0.006263
CASE	991014458	79	nn	0.021249	0.023806	6.500000	0.008617
CASE	991014528	62	nn	-0.079892	-0.094837	-22.250000	0.008957
CASE	991014878	70	bb	0.017457	0.019368	4.187500	0.016941
CASE	991014968	74	nn	0.037490	0.039722	13.875000	0.013558
CASE	991015048	63	nn	-0.045110	-0.054650	-11.000000	0.008278
CASE	991015058	74	nn	0.001587	0.002244	0.562500	0.010016
CASE	991015198	47	nn	-0.007822	-0.008430	-4.062500	0.000938
CASE	991015258	19	nn	-0.004899	0.000000	-7.062500	0.000738
CASE	991015268	31	nn	-0.002839	-0.000450	-4.562500	0.000587
CASE	991015378	54	nn	-0.032224	-0.038710	-9.250000	0.002800
CASE	991015408	80	nn	-0.026638	-0.029255	-7.937500	0.011895
CASE	991015478	67	bb	0.009318	0.011864	1.750000	0.001147
CASE	991015508	11	nn	0.008000	0.000000	9.187500	0.068403
CASE	991015538	40	nn	0.043007	0.056858	6.250000	0.011947
CASE	991015548	53	nn	-0.014369	-0.018185	-3.312500	0.012365
CASE	991015578	83	nn	-0.023848	-0.030976	-3.250000	0.011244
CASE	991015918	78	nn	-0.024394	-0.027735	-8.437500	0.006493
CASE	991015998	70	nn	-0.015197	-0.017426	-4.187500	0.010052
CASE	991016008	81	nn	0.021576	0.024891	5.812500	0.007135
CASE	991016068	57	nn	0.002951	-0.002580	11.750000	0.015772
CASE	991016078	67	nn	-0.021879	-0.028837	-3.312500	0.021274
CASE	991016158	59	nn	0.039143	0.042059	17.187500	0.024949
CASE	991016168	68	nn	-0.018264	-0.018532	-9.062500	0.004296
CASE	991016198	9	nn	0.000382	0.000000	0.500000	0.000003
CASE	991016218	34	nn	-0.008872	-0.011929	-0.187500	0.007217
CASE	991016228	44	nn	-0.024929	-0.023364	-11.375000	0.020950
CASE	991016248	59	bb	0.009035	0.010347	2.812500	0.001059
CASE	991016288	18	nn	-0.004428	0.000000	-11.437500	0.000811
CASE	991016428	69	bb	0.028140	0.031334	9.312500	0.003738
CASE	991016618	4	bb	-0.001881	0.000000	-2.500000	0.000111
CASE	991016658	44	nn	0.048311	0.057204	12.312500	0.020401
CASE	991016688	71	nn	0.007922	0.006961	3.687500	0.014306
CASE	991016758	57	nn	0.019842	0.026278	3.312500	0.031295
CASE	991016778	77	nn	0.028123	0.033929	7.062500	0.020155
CASE	991016828	42	nn	0.032212	0.037935	8.062500	0.007351
CASE	991016858	70	nn	-0.012709	-0.013383	-6.375000	0.001731
CASE	991017028	69	nn	0.023702	0.018354	14.187500	0.017589
CASE	991017128	80	nn	0.025799	0.036115	3.187500	0.026232
CASE	991017138	6	nn	0.008899	0.000000	14.562500	0.000318
CASE	991017258	43	nn	0.054649	0.061040	17.625000	0.008885
CASE	991017298	81	nn	-0.025626	-0.029591	-7.750000	0.008021
CASE	991017328	22	nn	0.023596	0.027637	7.375000	0.031695
CASE	991017378	76	nn	-0.007850	-0.005466	-5.562500	0.012112
CASE	991017398	8	nn	-0.012139	0.000000	-16.687500	0.000616
CASE	991017468	80	nn	-0.031982	-0.036964	-8.812500	0.014795
CASE	991017498	20	nn	0.004547	0.000000	10.812500	0.000718
CASE	991017548	74	nn	-0.004111	-0.002453	-3.375000	0.008386
CASE	991017618	54	nn	-0.033310	-0.033747	-14.312500	0.011713
CASE	991017638	76	nn	0.001148	0.006228	-3.875000	0.012035
CASE	991017718	72	nn	-0.046226	-0.054147	-15.062500	0.014518
CASE	991017988	82	nn	-0.020104	-0.026707	-2.875000	0.014441
CASE	991018028	38	nn	0.068745	0.087447	13.062500	0.040816
CASE	991018038	48	nn	-0.006352	-0.008388	-0.875000	0.011004
CASE	991018138	63	nn	0.019787	0.021568	6.625000	0.019225
CASE	991018148	72	nn	0.062602	0.070001	22.562500	0.004619
CASE	991018198	34	nn	0.003560	0.007707	-2.125000	0.018288
CASE	991018388	54	nn	-0.003307	-0.002536	-2.187500	0.000690
CASE	991018438	17	nn	0.094555	0.125000	14.062500	0.056778
CASE	991018488	68	nn	-0.020181	-0.023451	-2.062500	0.011075
CASE	991018538	33	bb	0.005051	0.004877	2.125000	0.010933
CASE	991018568	62	nn	-0.014538	-0.018996	-2.250000	0.009786
CASE	991018618	27	nn	0.107119	0.143253	15.250000	0.033068
CASE	991018658	65	nn	-0.038670	-0.046849	-9.062500	0.026456
CASE	991018738	60	nn	0.000176	-0.004721	6.500000	0.011055
CASE	991018758	78	bb	-0.022308	-0.021091	-11.312500	0.012665
CASE	991018818	53	bb	-0.003681	-0.006298	1.000000	0.017069
CASE	991018918	69	nn	-0.074101	-0.085609	-24.062500	0.014231
CASE	991018928	78	nn	-0.049620	-0.054948	-16.000000	0.018804
CASE	991018968	32	nn	-0.000932	-0.000090	-1.125000	0.008240
CASE	991019018	81	nn	0.030434	0.039201	6.000000	0.007023
CASE	991019078	53	nn	-0.053366	-0.064837	-13.250000	0.024344
CASE	991019128	21	bb	0.002578	0.000000	3.250000	0.000622
CASE	991019138	29	nn	0.001601	0.003167	-0.375000	0.019668
CASE	991019178	70	nn	-0.044748	-0.052290	-12.625000	0.018778
CASE	991019358	78	bb	-0.003314	-0.003900	-0.875000	0.008679
CASE	991019408	43	bb	-0.060579	-0.068704	-18.187500	0.018641
CASE	991019448	81	nn	0.020356	0.022409	5.625000	0.009774
CASE	991019508	57	nn	-0.017236	-0.020677	-4.500000	0.011708
CASE	991019698	75	nn	0.002391	0.002608	2.687500	0.003839
CASE	991019818	22	nn	0.019736	0.020964	7.125000	0.005552
CASE	991019878	79	nn	-0.021962	-0.022361	-9.687500	0.009030
CASE	991019948	67	nn	0.004732	0.002729	4.062500	0.004898
CASE	991020048	79	nn	-0.023643	-0.025604	-8.875000	0.011032
CASE	991020078	24	nn	0.106997	0.136826	19.250000	0.039500
CASE	991020118	64	nn	-0.019386	-0.022033	-5.875000	0.018483
CASE	991020178	36	nn	-0.031851	-0.037588	-9.250000	0.011071
CASE	991020208	67	nn	-0.003318	0.000147	-6.687500	0.017479
CASE	991020348	36	nn	0.024296	0.027905	7.375000	0.019713
CASE	991020388	75	nn	-0.068796	-0.072831	-27.687500	0.018273
CASE	991020478	81	nn	-0.042459	-0.048368	-12.937500	0.025550
CASE	991020598	29	nn	0.088620	0.102452	25.062500	0.014977
CASE	991020688	31	bb	0.001829	0.002085	0.312500	0.000047
CASE	991020908	81	nn	-0.011870	-0.014424	-3.187500	0.009435
CASE	991020938	25	nn	-0.047693	-0.061177	-8.812500	0.033673
CASE	991020978	64	nn	0.011628	0.011973	4.562500	0.017828
CASE	991021038	39	nn	0.001650	0.005685	-2.937500	0.011082
CASE	991021158	67	bb	-0.027083	-0.034946	-4.687500	0.020981
CASE	991021228	56	mixed	-0.048722	-0.046870	-22.625000	0.017621
CASE	991021298	37	bb	-0.001573	0.000077	-2.312500	0.002185
CASE	991021488	57	nn	-0.013706	-0.010830	-12.187500	0.011064
CASE	991021508	79	nn	0.023415	0.029463	5.375000	0.013093
CASE	991021518	1	nn	0.000335	0.000000	1.562500	0.000007
CASE	991021578	59	nn	-0.042888	-0.056784	-6.312500	0.013201
CASE	991021658	55	nn	-0.005812	-0.006968	-1.312500	0.004723
CASE	991021748	60	nn	-0.004177	-0.005697	-0.625000	0.009328
CASE	991021928	64	nn	-0.004678	-0.005230	-1.562500	0.015010
CASE	991021988	42	nn	-0.006895	-0.006885	-3.250000	0.002135
CASE	991021998	52	nn	-0.075578	-0.087747	-22.437500	0.011963
CASE	991022048	11	nn	-0.073372	-0.125000	13.062500	0.127030
CASE	991022068	36	bb	0.023756	0.028540	5.875000	0.007896
CASE	991022148	29	nn	0.013975	0.007663	11.625000	0.007643
CASE	991022238	33	nn	0.031858	0.041781	5.000000	0.007376
CASE	991022408	32	bb	-0.011581	-0.014690	-1.875000	0.010321
CASE	991022438	61	nn	0.026272	0.032397	5.125000	0.023787
CASE	991022458	80	nn	-0.067851	-0.077547	-20.687500	0.015436
CASE	991022538	72	nn	0.003988	0.009362	-3.000000	0.025496
CASE	991022568	20	nn	0.058082	0.062500	24.937500	0.036551
CASE	991022588	39	nn	-0.046775	-0.052859	-14.250000	0.011561
CASE	991022678	43	nn	-0.052379	-0.066575	-10.625000	0.011498
CASE	991022718	82	nn	0.031491	0.040047	5.500000	0.008485
CASE	991022798	77	nn	-0.002796	-0.006352	1.500000	0.014234
CASE	991023218	66	bb	0.003069	0.003688	0.937500	0.001345
CASE	991023248	10	nn	-0.042902	-0.062500	-1.250000	0.166447
CASE	991023308	71	nn	-0.032982	-0.039315	-8.312500	0.030228
CASE	991023378	51	nn	-0.013787	-0.011854	-10.937500	0.001516
CASE	991023558	65	nn	-0.002569	-0.006828	2.625000	0.006501
CASE	991023568	74	nn	-0.004287	-0.005908	-1.937500	0.027772
CASE	991023718	48	nn	-0.002839	-0.002794	-0.812500	0.018187
CASE	991023728	61	nn	-0.041302	-0.051031	-8.625000	0.013810
CASE	991023808	57	nn	-0.015417	-0.013849	-10.437500	0.002121
CASE	991023888	47	nn	-0.014423	-0.021439	-0.312500	0.016392
CASE	991023908	68	nn	-0.009839	-0.010313	-4.062500	0.022388
CASE	991023978	50	bb	-0.021381	-0.020738	-10.187500	0.011025
CASE	991024008	81	mixed	-0.020773	-0.025721	-4.937500	0.021592
CASE	991024058	48	nn	0.042954	0.053355	9.312500	0.006839
CASE	991024088	74	nn	-0.012213	-0.014258	-3.000000	0.008809
CASE	991024128	28	bb	-0.009831	-0.009537	-5.812500	0.000289
CASE	991024228	47	nn	-0.012668	-0.008905	-10.562500	0.001767
CASE	991024308	41	nn	-0.018493	-0.015512	-10.812500	0.041405
CASE	991024358	4	bb	0.075423	0.093750	17.062500	0.094773
CASE	991024518	79	nn	0.002222	0.008950	-8.187500	0.006714
CASE	991024608	82	nn	-0.074899	-0.085869	-22.812500	0.030020
CASE	991024708	7	bb	0.002092	0.000000	3.187500	0.000137
CASE	991024778	76	nn	-0.000086	-0.001967	2.562500	0.006996
CASE	991024858	72	nn	0.005193	0.003821	3.250000	0.013591
CASE	991024918	49	nn	0.077196	0.089267	21.750000	0.019288
CASE	991024948	73	nn	-0.023398	-0.025138	-11.625000	0.006291
CASE	991024988	32	nn	0.033964	0.033054	16.625000	0.008038
CASE	991024998	37	nn	0.025670	0.025986	12.875000	0.002002
CASE	991025038	82	bb	0.040248	0.048638	9.437500	0.011351
CASE	991025098	53	mixed	-0.050599	-0.056197	-17.687500	0.017889
CASE	991025108	61	nn	-0.007004	-0.009167	-2.812500	0.006198
CASE	991025228	12	nn	0.026012	0.031250	6.937500	0.113687
CASE	991025268	55	nn	0.025027	0.027314	8.750000	0.020526
CASE	991025278	65	nn	0.006871	0.003559	8.250000	0.002600
CASE	991025418	33	bb	-0.025741	-0.030203	-6.750000	0.009787
CASE	991025428	38	nn	0.009703	0.011001	2.125000	0.033020
CASE	991025528	54	bb	0.005487	0.008845	-0.500000	0.000929
CASE	991025578	21	nn	0.030542	0.062500	-17.625000	0.032932
CASE	991025628	68	nn	0.001475	0.000337	3.000000	0.001032
CASE	991025718	69	nn	-0.002438	-0.003758	0.000000	0.001781
CASE	991025808	78	bb	0.029948	0.035018	8.062500	0.006799
CASE	991025878	63	nn	-0.072965	-0.089281	-16.312500	0.022786
CASE	991026108	35	nn	0.003132	0.001513	2.312500	0.010083
CASE	991026118	45	nn	-0.000617	0.000553	-2.187500	0.005866
CASE	991026218	55	mixed	0.015970	0.015320	7.125000	0.009965
CASE	991026228	69	nn	0.034405	0.038294	13.500000	0.005240
CASE	991026258	9	nn	0.094758	0.125000	14.000000	0.127429
CASE	991026318	70	bb	0.002669	0.002064	2.062500	0.004754
CASE	991026378	47	nn	-0.002030	-0.000123	-7.250000	0.000032
CASE	991026708	31	bb	0.010847	0.007464	9.875000	0.000456
CASE	991026748	73	nn	0.071084	0.078311	23.312500	0.026248
CASE	991027028	9	nn	-0.005770	0.000000	-8.062500	0.069719
CASE	991027258	64	nn	0.022591	0.024889	7.125000	0.013956
CASE	991027328	45	bb	-0.024864	-0.029352	-6.812500	0.004629
CASE	991027518	67	nn	-0.054257	-0.063306	-16.687500	0.017828
CASE	991027578	40	bb	0.012294	0.013896	3.875000	0.006665
CASE	991027608	71	nn	0.044863	0.052216	12.312500	0.009670
CASE	991027668	46	nn	0.022055	0.025449	7.812500	0.006087
CASE	991027728	20	nn	0.005151	0.000000	8.875000	0.087861
CASE	991027768	60	nn	-0.064081	-0.077672	-13.250000	0.006896
CASE	991027788	79	nn	-0.008552	-0.007929	-5.625000	0.006678
CASE	991027878	81	nn	-0.016796	-0.021627	-3.187500	0.001921
CASE	991027958	77	nn	-0.017057	-0.018888	-7.125000	0.007676
CASE	991027978	13	nn	0.002056	0.000000	5.875000	0.000238
CASE	991027988	21	nn	0.096318	0.125000	16.875000	0.207965
CASE	991028098	43	nn	-0.003089	-0.011547	9.625000	0.001276
CASE	991028128	76	nn	0.056900	0.066028	15.812500	0.013324
CASE	991028218	77	nn	-0.065467	-0.074805	-19.500000	0.016484
CASE	991028308	81	nn	0.017726	0.022764	3.812500	0.009201
CASE	991028358	49	nn	-0.017281	-0.013056	-11.000000	0.005445
CASE	991028378	67	nn	0.021156	0.028577	2.562500	0.020598
CASE	991028398	3	nn	0.172433	0.250000	7.000000	0.076287
CASE	991028418	18	nn	-0.062230	-0.062500	-26.375000	0.099259
CASE	991028458	63	nn	-0.012798	-0.013546	-4.562500	0.006568
CASE	991028478	79	bb	0.014541	0.018315	2.187500	0.006689
CASE	991028538	55	bb	-0.001036	0.000002	-1.812500	0.000368
CASE	991028588	20	nn	-0.003311	0.000000	-3.687500	0.000386
CASE	991028608	38	nn	0.024869	0.034203	2.500000	0.005913
CASE	991028668	15	nn	-0.085064	-0.125000	-2.625000	0.190895
CASE	991028678	19	nn	0.045120	0.062500	3.687500	0.170073
CASE	991028708	53	nn	-0.005676	-0.000339	-7.625000	0.017005
CASE	991028728	74	nn	0.015146	0.017704	3.937500	0.016572
CASE	991028898	72	nn	0.043411	0.047436	16.500000	0.010083
CASE	991029028	31	nn	-0.066960	-0.078988	-20.750000	0.010855
CASE	991029048	48	nn	-0.015325	-0.020116	-2.687500	0.006705
CASE	991029068	69	nn	0.005616	0.001541	7.437500	0.009153
CASE	991029158	74	bb	0.000969	0.002270	-0.562500	0.001428
CASE	991029168	81	nn	-0.027392	-0.027517	-11.500000	0.010954
CASE	991029198	23	nn	0.139586	0.179707	24.375000	0.038539
CASE	991029298	41	nn	0.001947	-0.002090	5.500000	0.010995
CASE	991029398	57	nn	0.020365	0.019728	9.375000	0.023964
CASE	991029448	20	nn	0.272247	0.375000	26.937500	0.144675
CASE	991029488	61	bb	0.000000	0.000000	0.000000	0.000000
CASE	991029498	69	nn	-0.016231	-0.016729	-6.062500	0.008621
CASE	991029508	81	nn	0.003730	0.004188	1.375000	0.002673
CASE	991029548	32	nn	-0.006862	-0.008958	-1.062500	0.002809
CASE	991029638	37	nn	0.002875	0.000388	8.000000	0.000643
CASE	991029708	22	bb	0.000608	0.001563	-0.625000	0.003341
CASE	991029918	59	nn	0.028544	0.027470	12.687500	0.029548
CASE	991029928	65	nn	0.009259	0.010573	3.312500	0.009447
CASE	991030028	82	nn	0.025221	0.031681	6.375000	0.021011
CASE	991030038	7	bb	0.000520	0.000000	0.312500	0.000413
CASE	991030148	30	nn	0.052387	0.064553	11.687500	0.029493
CASE	991030218	14	nn	-0.006384	0.000000	-10.125000	0.001475
CASE	991030238	36	bb	-0.044532	-0.051061	-13.062500	0.007383
CASE	991030368	80	nn	0.025500	0.030828	5.875000	0.013340
CASE	991030608	62	nn	0.002187	-0.000323	5.562500	0.006484
CASE	991030628	81	bb	0.044644	0.049188	15.062500	0.008869
CASE	991030698	66	nn	0.034767	0.039821	12.125000	0.024058
CASE	991030728	11	nn	-0.000631	0.000000	-1.437500	0.000065
CASE	991030748	31	nn	-0.002264	-0.004254	0.562500	0.006307
CASE	991030768	51	nn	0.010991	0.009356	5.500000	0.009399
CASE	991030818	12	bb	-0.049215	-0.062500	-9.562500	0.099691
CASE	991030928	35	nn	-0.019760	-0.016748	-16.437500	0.002495
CASE	991031008	32	nn	-0.055002	-0.070625	-9.750000	0.009069
CASE	991031048	72	bb	-0.008824	-0.012313	-0.500000	0.001344
CASE	991031058	80	nn	-0.000748	0.000922	-1.500000	0.021149
CASE	991031268	33	nn	-0.036424	-0.042737	-10.062500	0.011810
CASE	991031298	64	nn	0.022810	0.024512	8.875000	0.012961
CASE	991031308	74	nn	0.036656	0.038918	15.125000	0.009881
CASE	991031488	81	nn	0.004915	0.006496	0.625000	0.007225
CASE	991031528	35	nn	0.009477	0.003311	19.875000	0.000284
CASE	991031568	75	nn	-0.003233	-0.004252	-0.687500	0.003132
CASE	991031658	81	nn	0.003338	0.003975	0.687500	0.012528
CASE	991031908	67	bb	-0.002481	-0.002821	-0.750000	0.000007
CASE	991031928	4	nn	-0.056917	-0.093750	6.187500	0.105332
CASE	991031968	44	nn	0.022638	0.026540	5.312500	0.034426
CASE	991032188	4	nn	0.142810	0.187500	22.250000	0.147541
CASE	991032288	19	bb	0.094541	0.125000	15.000000	0.132875
CASE	991032438	1	bb	0.000156	0.000000	0.250000	0.000000
CASE	991032458	19	nn	0.001398	0.000000	4.437500	0.001064
CASE	991032508	68	bb	-0.020074	-0.025301	-3.812500	0.005509
CASE	991032638	25	nn	-0.063472	-0.083433	-9.562500	0.017833
CASE	991032668	56	nn	-0.021390	-0.030565	-1.125000	0.019063
CASE	991032708	11	nn	-0.042575	-0.062500	-0.500000	0.104570
CASE	991032918	50	nn	-0.042097	-0.046059	-13.937500	0.006358
CASE	991032978	24	nn	0.001472	0.003862	-0.687500	0.003815
CASE	991032988	32	bb	0.000136	-0.000826	1.875000	0.000265
CASE	991032998	44	bb	-0.003940	-0.005022	-0.812500	0.002381
CASE	991033018	64	nn	-0.010449	-0.012924	-3.500000	0.006612
CASE	991033268	53	nn	-0.006619	-0.006487	-4.312500	0.001669
CASE	991033288	76	bb	0.017843	0.014613	10.187500	0.009193
CASE	991033338	40	nn	0.004709	0.009019	-3.750000	0.002429
CASE	991033378	79	bb	0.004193	0.003339	2.250000	0.014000
CASE	991033438	49	nn	-0.002025	-0.004715	2.812500	0.004028
CASE	991033518	44	nn	0.018460	0.022583	4.250000	0.008421
CASE	991033548	77	nn	-0.012125	-0.035575	14.312500	0.006111
CASE	991033588	32	bb	-0.025069	-0.020188	-16.187500	0.053092
CASE	991033708	67	bb	-0.019635	-0.023042	-5.375000	0.009355
CASE	991033788	56	nn	-0.035417	-0.036315	-18.750000	0.008145
CASE	991033918	17	nn	-0.046050	-0.062500	-5.250000	0.093055
CASE	991034258	15	nn	0.061067	0.062500	26.625000	0.170074
CASE	991034298	53	nn	-0.024340	-0.026488	-11.250000	0.002023
CASE	991034328	79	nn	-0.011178	-0.010663	-4.875000	0.011085
CASE	991034348	16	nn	0.223357	0.312500	18.062500	0.195498
CASE	991034608	18	bb	0.000081	0.000000	0.125000	0.000000
CASE	991034698	23	nn	-0.010478	-0.009043	-7.312500	0.008746
CASE	991034718	43	bb	0.032126	0.033682	11.875000	0.011456
CASE	991034748	73	nn	0.020316	0.021028	9.000000	0.016024
CASE	991034828	66	nn	0.032336	0.030790	15.250000	0.010537
CASE	991034908	63	nn	0.028754	0.036228	5.312500	0.015024
CASE	991035008	75	nn	-0.030962	-0.032625	-18.062500	0.007071
CASE	991035068	45	nn	0.004176	0.000583	7.687500	0.000783
CASE	991035078	59	nn	0.006081	0.004667	4.312500	0.006665
CASE	991035098	81	bb	-0.016043	-0.016639	-6.062500	0.005475
CASE	991035148	41	nn	-0.055655	-0.066257	-15.937500	0.010796
CASE	991035188	81	nn	-0.069644	-0.078755	-22.375000	0.019407
CASE	991035328	48	nn	-0.009306	-0.012975	-0.750000	0.001242
CASE	991035338	60	nn	0.045772	0.043686	22.750000	0.002882
CASE	991035378	13	nn	0.076133	0.093750	18.312500	0.113256
CASE	991035518	68	nn	-0.020028	-0.021516	-8.125000	0.004237
CASE	991035528	81	nn	0.016429	0.012199	11.875000	0.001922
CASE	991035598	62	nn	0.011502	0.014123	3.687500	0.021909
CASE	991035648	29	nn	-0.022816	-0.028901	-4.625000	0.015332
CASE	991035718	8	nn	0.002350	0.000000	3.937500	0.000693
CASE	991036128	78	nn	-0.018408	-0.019471	-6.875000	0.004718
CASE	991036368	60	nn	0.077870	0.082292	28.312500	0.026580
CASE	991036538	53	bb	0.003396	0.005544	-0.437500	0.008819
CASE	991036628	61	bb	-0.007528	-0.009159	-1.750000	0.000848
CASE	991036648	79	nn	-0.001690	-0.000409	-2.312500	0.007132
CASE	991036678	25	nn	-0.028835	-0.034562	-8.312500	0.011151
CASE	991036948	39	nn	0.014347	0.020684	0.687500	0.002685
CASE	991037118	36	nn	0.010937	0.011079	4.312500	0.020113
CASE	991037248	80	bb	-0.028309	-0.027978	-12.625000	0.004952
CASE	991037308	54	nn	0.015492	0.015385	8.250000	0.009883
CASE	991037328	69	nn	0.007514	0.011684	-1.937500	0.005476
CASE	991037388	48	nn	-0.009052	-0.010691	-2.187500	0.018953
CASE	991037478	52	nn	-0.029658	-0.033188	-10.937500	0.007384
CASE	991037778	9	nn	0.001775	0.000000	2.187500	0.000042
CASE	991037848	79	nn	0.022947	0.031600	2.312500	0.011575
CASE	991037888	33	nn	0.046875	0.060822	8.125000	0.037946
CASE	991037958	14	nn	0.046205	0.062500	9.062500	0.032409
CASE	991038018	72	nn	-0.032806	-0.036619	-10.625000	0.009271
CASE	991038088	55	nn	-0.050587	-0.058163	-15.187500	0.030957
CASE	991038108	81	nn	-0.020880	-0.025585	-4.750000	0.006530
CASE	991038178	65	bb	-0.035855	-0.038218	-13.312500	0.007703
CASE	991038348	62	nn	-0.000017	0.001147	-1.750000	0.017317
CASE	991038358	73	nn	-0.030679	-0.034853	-10.312500	0.020505
CASE	991038368	77	nn	0.006005	0.002487	5.500000	0.014551
CASE	991038408	33	nn	-0.019257	-0.019228	-10.562500	0.017211
CASE	991038488	30	mixed	0.016460	0.036713	-9.687500	0.028689
CASE	991038628	83	nn	0.029897	0.036023	7.562500	0.008286
CASE	991038998	25	nn	-0.055789	-0.069992	-10.812500	0.026330
CASE	991039078	17	nn	-0.009420	0.000000	-18.875000	0.000816
CASE	991039098	37	nn	-0.063476	-0.077747	-15.437500	0.009941
CASE	991039118	55	bb	0.011072	0.014023	1.875000	0.011637
CASE	991039188	38	nn	0.015297	0.015888	6.500000	0.021130
CASE	991039198	51	nn	-0.069082	-0.069230	-30.687500	0.009149
CASE	991039308	73	nn	-0.017854	-0.024365	-1.437500	0.011043
CASE	991039358	41	nn	-0.055038	-0.069122	-10.500000	0.021605
CASE	991039458	52	nn	-0.041925	-0.054355	-6.562500	0.018108
CASE	991039468	65	bb	0.038170	0.044686	11.812500	0.026119
CASE	991039478	72	nn	0.042657	0.052093	11.625000	0.011379
CASE	991039538	48	nn	-0.031459	-0.047884	0.312500	0.012985
CASE	991039608	32	nn	-0.005820	-0.004944	-3.687500	0.004455
CASE	991039638	59	nn	0.008772	0.011991	-1.812500	0.004344
CASE	991039658	82	bb	-0.004586	-0.007518	1.187500	0.007883
CASE	991039678	11	nn	0.000095	0.000000	-2.937500	0.073086
CASE	991039688	25	nn	0.003729	0.005128	0.562500	0.050647
CASE	991039878	41	bb	-0.003564	-0.007640	1.937500	0.010312
CASE	991039888	52	nn	-0.000310	0.001845	-1.937500	0.015575
POS	3895	553
