CASE	991000005	75	nn	0.007876	0.005251	6.562500	0.011532
CASE	991000045	25	nn	0.027522	0.034251	5.625000	0.028936
CASE	991000065	48	nn	0.025831	0.019511	21.125000	0.009963
CASE	991000125	18	nn	0.007593	0.000000	14.125000	0.000531
CASE	991000175	70	nn	0.073272	0.082868	24.250000	0.020085
CASE	991000235	46	nn	0.043467	0.050001	15.250000	0.052198
CASE	991000265	75	nn	-0.002107	-0.006072	4.000000	0.011471
CASE	991000585	50	bb	0.017627	0.023355	2.250000	0.006161
CASE	991000605	73	nn	0.007206	0.011516	-6.062500	0.007731
CASE	991000615	81	bb	-0.061695	-0.070384	-18.312500	0.011495
CASE	991000625	8	nn	0.000481	0.000000	0.562500	0.000007
CASE	991000745	38	nn	-0.002010	0.001817	-5.750000	0.015402
CASE	991000775	70	bb	-0.010263	-0.011909	-2.250000	0.002470
CASE	991000835	44	nn	-0.013118	-0.013089	-5.750000	0.007739
CASE	991000855	64	nn	0.097438	0.111451	28.000000	0.021633
CASE	991000875	86	nn	-0.024487	-0.024142	-10.625000	0.023873
CASE	991001045	79	nn	0.032221	0.038769	8.937500	0.014692
CASE	991001175	41	nn	-0.044084	-0.055581	-8.437500	0.028050
CASE	991001285	63	bb	-0.004085	-0.003355	-2.250000	0.005045
CASE	991001295	74	bb	-0.008953	-0.009586	-3.250000	0.004460
CASE	991001305	86	nn	-0.044399	-0.054306	-10.062500	0.018119
CASE	991001435	42	nn	0.035710	0.042329	9.625000	0.007274
CASE	991001485	8	nn	-0.131439	-0.187500	-7.750000	0.085386
CASE	991001545	66	nn	0.000934	-0.000265	1.062500	0.005029
CASE	991001635	71	nn	-0.011207	-0.011532	-4.437500	0.012395
CASE	991001725	75	nn	0.002936	0.000211	3.250000	0.013193
CASE	991001805	66	nn	0.004788	0.007720	-0.125000	0.012486
CASE	991001825	4	nn	-0.076723	-0.125000	8.875000	0.056193
CASE	991001835	14	nn	-0.002951	0.000000	-8.375000	0.000652
CASE	991002125	46	nn	-0.023034	-0.025736	-8.750000	0.006225
CASE	991002155	75	nn	-0.026540	-0.032486	-3.750000	0.008070
CASE	991002375	34	mixed	0.013232	0.024912	-5.812500	0.010175
CASE	991002505	79	mixed	0.019425	0.023968	4.125000	0.018619
CASE	991002595	86	nn	0.014710	0.012288	8.062500	0.020587
CASE	991002605	8	nn	-0.305004	-0.437500	-16.000000	0.120732
CASE	991002655	58	nn	-0.007577	-0.007735	-3.187500	0.006118
CASE	991002775	4	bb	-0.044499	-0.062500	-3.500000	0.093366
CASE	991002795	28	bb	0.000000	0.000000	0.000000	0.000000
CASE	991002875	19	nn	-0.142621	-0.187500	-23.375000	0.225209
CASE	991002895	38	nn	0.009015	0.013381	-1.250000	0.018891
CASE	991003025	86	nn	-0.036249	-0.035319	-16.312500	0.014306
CASE	991003085	59	nn	0.005241	0.005472	1.812500	0.009205
CASE	991003095	70	nn	0.047530	0.054214	14.187500	0.020265
CASE	991003195	79	nn	-0.051733	-0.055574	-23.687500	0.012453
CASE	991003265	65	nn	0.018673	0.021403	5.375000	0.001827
CASE	991003295	11	nn	-0.000050	0.000000	-0.125000	0.000000
CASE	991003415	43	nn	0.042065	0.046141	14.000000	0.027435
CASE	991003445	73	nn	-0.024221	-0.028304	-7.750000	0.022574
CASE	991003455	86	nn	-0.007579	-0.004997	-4.750000	0.008149
CASE	991003465	9	nn	-0.001358	0.000000	-3.687500	0.000441
CASE	991003515	58	nn	0.004528	0.002073	5.750000	0.000527
CASE	991003535	80	bb	0.003113	0.002738	1.812500	0.007216
CASE	991003545	3	nn	0.005473	0.000000	6.812500	0.000181
CASE	991003615	72	nn	-0.028260	-0.035261	-6.187500	0.012140
CASE	991003685	56	nn	-0.046343	-0.049162	-16.500000	0.014381
CASE	991003745	30	bb	-0.003193	-0.002424	-2.500000	0.000378
CASE	991003765	50	nn	0.004766	0.003752	2.812500	0.003186
CASE	991003785	70	bb	-0.005616	-0.006378	-2.187500	0.000963
CASE	991003935	50	bb	0.003028	0.003644	0.937500	0.005367
CASE	991003955	70	nn	0.034526	0.039239	12.812500	0.006006
CASE	991003995	23	mixed	0.031949	0.051647	-4.000000	0.016911
CASE	991004095	37	nn	-0.044150	-0.052481	-11.750000	0.008781
CASE	991004105	44	nn	0.034011	0.041081	8.562500	0.010687
CASE	991004285	55	nn	0.007086	0.007219	6.000000	0.005804
CASE	991004315	86	nn	-0.051140	-0.064511	-10.250000	0.014941
CASE	991004335	20	nn	-0.000791	0.000000	-2.312500	0.000784
CASE	991004395	80	nn	-0.057863	-0.061842	-24.437500	0.042180
CASE	991004405	3	bb	-0.001666	0.000000	-2.250000	0.000014
CASE	991004435	34	nn	-0.028861	-0.037958	-4.312500	0.017522
CASE	991004455	50	nn	-0.016883	-0.018754	-6.750000	0.011231
CASE	991004485	81	nn	-0.000784	0.001157	-2.625000	0.011391
CASE	991004515	26	nn	-0.004241	-0.023648	15.937500	0.028811
CASE	991004565	74	nn	0.036267	0.042723	10.937500	0.008841
CASE	991004635	59	nn	0.038067	0.050398	6.062500	0.005715
CASE	991004645	69	nn	-0.016483	-0.017820	-6.687500	0.002709
CASE	991004655	80	nn	0.038133	0.039433	11.937500	0.015848
CASE	991004725	63	nn	0.014962	0.018387	3.250000	0.024802
CASE	991004735	74	nn	-0.041754	-0.046775	-15.875000	0.012901
CASE	991004795	49	nn	-0.057217	-0.068511	-14.437500	0.024353
CASE	991004855	23	nn	0.063458	0.075655	16.500000	0.027136
CASE	991004945	27	nn	0.016808	0.023230	1.250000	0.010466
CASE	991005325	61	nn	-0.006244	-0.007489	-2.750000	0.024939
CASE	991005345	83	nn	-0.015259	-0.015290	-6.000000	0.012532
CASE	991005515	79	nn	0.002029	0.001195	2.062500	0.005043
CASE	991005525	4	nn	0.132717	0.187500	9.500000	0.080414
CASE	991005535	14	nn	-0.042292	-0.062500	1.000000	0.032476
CASE	991005575	55	nn	0.005306	0.007789	0.687500	0.023845
CASE	991005685	79	nn	-0.008640	-0.008919	-4.437500	0.008136
CASE	991005785	3	nn	0.003021	0.000000	3.875000	0.000114
CASE	991005945	81	nn	-0.005556	-0.004468	-2.312500	0.014550
CASE	991006005	50	nn	0.010805	0.014993	-1.625000	0.011164
CASE	991006025	76	bb	0.005133	0.004443	2.437500	0.014359
CASE	991006035	86	nn	0.010147	0.006802	6.875000	0.006874
CASE	991006115	80	nn	0.049649	0.055400	16.250000	0.024031
CASE	991006365	72	nn	-0.028914	-0.033481	-8.937500	0.009762
CASE	991006485	20	nn	-0.046788	-0.062500	-6.500000	0.036330
CASE	991006525	60	bb	-0.050787	-0.057941	-14.937500	0.006554
CASE	991006605	52	nn	0.018388	0.018675	7.875000	0.007307
CASE	991006685	45	nn	0.009977	0.005917	15.437500	0.000547
CASE	991006775	50	nn	0.021054	0.029241	1.937500	0.003441
CASE	991006845	34	bb	0.019103	0.024098	4.187500	0.011939
CASE	991006895	86	nn	-0.003520	-0.002626	-2.625000	0.003016
CASE	991007065	82	nn	0.015015	0.017231	4.187500	0.012457
CASE	991007145	76	bb	0.021156	0.021816	9.187500	0.008635
CASE	991007325	86	nn	-0.045051	-0.051400	-13.750000	0.011707
CASE	991007335	6	nn	0.004934	0.000000	7.812500	0.000499
CASE	991007365	39	nn	0.008678	0.009573	3.687500	0.005152
CASE	991007375	49	nn	0.018254	0.016843	16.500000	0.001768
CASE	991007395	70	nn	-0.019628	-0.023251	-5.125000	0.005497
CASE	991007425	11	nn	0.002805	0.000000	7.625000	0.000157
CASE	991007445	31	nn	0.020647	0.029469	1.125000	0.021077
CASE	991007465	50	bb	-0.076759	-0.093570	-18.812500	0.017316
CASE	991007525	25	nn	-0.005958	-0.011209	2.000000	0.013135
CASE	991007565	67	nn	-0.024301	-0.030919	-4.875000	0.017419
CASE	991007665	79	bb	0.022872	0.028476	5.500000	0.007239
CASE	991007815	58	nn	-0.051163	-0.063107	-11.812500	0.016274
CASE	991007885	42	nn	0.022714	0.027868	6.000000	0.007724
CASE	991008215	30	nn	-0.005553	0.003411	-13.875000	0.005133
CASE	991008265	78	nn	-0.004522	-0.003086	-2.687500	0.009836
CASE	991008325	53	mixed	0.002797	0.004153	-0.687500	0.006599
CASE	991008335	58	nn	0.033080	0.039185	8.937500	0.023975
CASE	991008455	8	nn	-0.002568	0.000000	-6.000000	0.000435
CASE	991008595	60	nn	-0.045985	-0.054983	-12.562500	0.015149
CASE	991008675	55	nn	-0.005900	-0.013334	3.687500	0.019503
CASE	991008765	59	nn	0.020837	0.021765	8.687500	0.015190
CASE	991008785	83	nn	0.011069	0.015642	1.312500	0.018187
CASE	991008835	47	nn	-0.000074	0.004403	-9.312500	0.000739
CASE	991008845	58	nn	-0.079035	-0.088788	-24.750000	0.020287
CASE	991008945	67	bb	-0.019297	-0.022988	-4.375000	0.027599
CASE	991008985	22	nn	-0.016480	-0.023998	0.000000	0.029636
CASE	991009005	44	nn	-0.020597	-0.019563	-10.937500	0.005357
CASE	991009015	52	nn	-0.013741	-0.015514	-5.312500	0.012857
CASE	991009045	86	nn	-0.017549	-0.016361	-8.125000	0.016550
CASE	991009105	57	nn	0.048162	0.057454	14.625000	0.019785
CASE	991009195	61	nn	-0.004154	-0.004593	-2.125000	0.000133
CASE	991009205	73	nn	-0.032948	-0.036753	-14.500000	0.008510
CASE	991009265	43	bb	-0.003220	-0.002183	-2.375000	0.001443
CASE	991009345	36	nn	-0.031509	-0.042887	-3.812500	0.005906
CASE	991009365	59	nn	0.004662	0.011470	-5.500000	0.003735
CASE	991009405	16	nn	0.061699	0.062500	27.312500	0.033994
CASE	991009445	52	nn	0.032454	0.040209	6.875000	0.008611
CASE	991009455	65	nn	0.016878	0.021974	4.187500	0.004070
CASE	991009495	19	nn	-0.082166	-0.125000	4.187500	0.207899
CASE	991009525	49	nn	-0.048252	-0.047435	-20.312500	0.016185
CASE	991009535	58	bb	-0.002847	-0.003988	-0.250000	0.000959
CASE	991009555	80	nn	-0.049649	-0.055936	-15.312500	0.013983
CASE	991009575	12	mixed	0.011906	0.000000	20.375000	0.000557
CASE	991009585	22	nn	0.009209	0.001660	12.812500	0.000466
CASE	991009715	66	nn	-0.051539	-0.059152	-14.937500	0.006814
CASE	991009875	55	nn	0.042615	0.050832	10.750000	0.012789
CASE	991009905	86	nn	-0.009022	-0.009579	-3.312500	0.001966
CASE	991009985	78	nn	-0.021364	-0.021944	-9.312500	0.011306
CASE	991010045	53	nn	0.008819	0.010601	1.437500	0.007939
CASE	991010055	60	nn	-0.014395	-0.016413	-4.500000	0.011919
CASE	991010125	42	nn	0.058506	0.076365	9.625000	0.015615
CASE	991010155	77	nn	-0.023829	-0.025642	-9.125000	0.021302
CASE	991010255	1	nn	-0.005686	0.000000	-11.125000	0.000030
CASE	991010265	13	bb	-0.000409	0.000000	-1.062500	0.000164
CASE	991010275	22	bb	-0.024816	-0.018818	-16.062500	0.003497
CASE	991010315	64	nn	0.008696	0.010450	1.625000	0.001847
CASE	991010335	86	nn	0.018707	0.019294	6.750000	0.013725
CASE	991010435	8	nn	-0.038363	-0.062500	3.687500	0.096716
CASE	991010475	50	bb	-0.012157	-0.006901	-11.000000	0.024960
CASE	991010575	65	nn	-0.014088	-0.016909	-2.750000	0.010227
CASE	991010585	76	nn	0.033782	0.033734	14.375000	0.009485
CASE	991010645	50	bb	-0.006186	-0.007797	-1.375000	0.010961
CASE	991010835	70	nn	-0.010691	-0.013738	-2.500000	0.000173
CASE	991010895	40	nn	0.005684	0.001486	10.437500	0.018267
CASE	991010905	51	nn	-0.055887	-0.065783	-15.437500	0.009869
CASE	991010925	73	nn	-0.028625	-0.031097	-11.250000	0.003480
CASE	991010965	28	nn	-0.035006	-0.044479	-6.250000	0.010179
CASE	991011015	74	bb	0.016148	0.021775	2.187500	0.013028
CASE	991011055	29	nn	0.000224	-0.000619	1.937500	0.000092
CASE	991011095	72	nn	0.005675	0.006006	2.062500	0.027337
CASE	991011255	59	nn	-0.027550	-0.030861	-8.000000	0.017786
CASE	991011425	52	nn	-0.016333	-0.025106	0.625000	0.023112
CASE	991011445	77	nn	0.026195	0.022155	13.875000	0.017420
CASE	991011495	40	nn	-0.000212	-0.004283	2.687500	0.031431
CASE	991011565	25	nn	0.010658	0.006666	12.562500	0.000675
CASE	991011575	34	nn	-0.042319	-0.051495	-10.750000	0.014900
CASE	991011605	65	nn	-0.013128	-0.005779	-13.375000	0.011635
CASE	991011795	80	nn	-0.038570	-0.043025	-13.562500	0.018555
CASE	991011815	14	nn	0.016041	0.000000	54.812500	0.000571
CASE	991011955	68	bb	0.010531	0.010412	4.937500	0.021112
CASE	991011965	81	nn	0.058610	0.070529	15.250000	0.024897
CASE	991012045	72	nn	-0.017113	-0.013582	-13.687500	0.002803
CASE	991012055	86	nn	-0.030243	-0.032243	-9.750000	0.006762
CASE	991012135	80	nn	0.033396	0.037135	10.562500	0.019480
CASE	991012145	2	bb	-0.005848	0.000000	-9.000000	0.000285
CASE	991012165	23	nn	-0.014395	-0.014940	-5.500000	0.025483
CASE	991012185	44	nn	-0.031518	-0.033748	-15.875000	0.013072
CASE	991012265	37	nn	0.064187	0.074963	18.937500	0.027179
CASE	991012295	67	nn	-0.023864	-0.026422	-6.625000	0.014721
CASE	991012385	69	nn	-0.006182	-0.006736	-1.312500	0.026837
CASE	991012535	50	nn	-0.004811	-0.013532	4.937500	0.015970
CASE	991012555	66	nn	0.016774	0.014259	9.000000	0.024795
CASE	991012625	51	nn	-0.028871	-0.037307	-4.125000	0.018830
CASE	991012825	80	mixed	-0.061403	-0.070639	-17.375000	0.022907
CASE	991012855	26	bb	-0.000428	-0.000321	-0.375000	0.000234
CASE	991012885	54	nn	-0.008712	-0.011233	-0.312500	0.023851
CASE	991012905	76	nn	0.056716	0.063684	18.937500	0.015648
CASE	991012975	55	bb	-0.034803	-0.041733	-8.687500	0.018742
CASE	991013025	22	nn	0.021954	0.021022	11.125000	0.002652
CASE	991013075	74	nn	0.012106	0.014636	2.250000	0.025182
CASE	991013225	52	nn	-0.029672	-0.037297	-7.125000	0.009312
CASE	991013255	80	nn	-0.100244	-0.114577	-30.750000	0.024198
CASE	991013315	55	nn	-0.047662	-0.057202	-11.687500	0.015743
CASE	991013345	86	nn	-0.006967	-0.008033	-2.437500	0.016800
CASE	991013585	65	nn	0.016606	0.018176	7.125000	0.003846
CASE	991013685	80	bb	-0.029931	-0.034202	-8.750000	0.016090
CASE	991013775	86	nn	-0.013730	-0.015179	-4.687500	0.015661
CASE	991013805	30	nn	-0.017327	-0.031716	5.000000	0.028789
CASE	991013855	77	nn	0.012529	0.011909	6.437500	0.017934
CASE	991014175	55	nn	-0.004227	-0.002185	-3.562500	0.002968
CASE	991014235	25	bb	0.036574	0.050242	3.812500	0.022111
CASE	991014285	77	nn	-0.076265	-0.091901	-18.187500	0.014990
CASE	991014305	9	nn	-0.000185	0.000000	-0.937500	0.000788
CASE	991014335	38	nn	-0.067989	-0.093258	-7.312500	0.020505
CASE	991014615	65	bb	0.015571	0.019151	3.500000	0.012649
CASE	991014635	86	nn	-0.035406	-0.040192	-10.500000	0.017976
CASE	991014795	73	nn	-0.027762	-0.033330	-6.625000	0.030922
CASE	991014855	43	nn	-0.055207	-0.070529	-9.625000	0.031132
CASE	991014975	81	nn	0.007794	0.009799	1.562500	0.009481
CASE	991015125	54	nn	0.014749	0.017008	4.250000	0.001286
CASE	991015135	70	bb	-0.003421	-0.003679	-1.437500	0.005275
CASE	991015145	74	nn	0.005668	0.006531	0.812500	0.007399
CASE	991015215	63	nn	-0.021591	-0.025688	-5.687500	0.005366
CASE	991015315	73	mixed	-0.038901	-0.043026	-12.812500	0.015636
CASE	991015365	41	bb	0.051382	0.063281	11.937500	0.010106
CASE	991015485	76	nn	0.011992	0.013637	5.000000	0.007815
CASE	991015495	86	nn	0.022246	0.023714	8.062500	0.001258
CASE	991015715	44	nn	-0.040400	-0.047046	-11.375000	0.004308
CASE	991015735	66	nn	0.029135	0.037414	5.125000	0.008580
CASE	991016035	21	nn	-0.001503	0.000000	-3.687500	0.072749
CASE	991016055	42	nn	-0.010906	-0.011041	-4.250000	0.008415
CASE	991016135	38	nn	-0.013047	-0.011612	-6.687500	0.020198
CASE	991016285	11	bb	0.000762	0.000000	0.000000	0.000435
CASE	991016345	76	nn	0.021303	0.022242	7.687500	0.012155
CASE	991016355	86	nn	-0.037742	-0.045433	-9.812500	0.007044
CASE	991016405	50	nn	-0.006389	-0.006222	-2.750000	0.036513
CASE	991016455	11	nn	-0.117367	-0.187500	11.500000	0.084213
CASE	991016465	22	nn	-0.013937	-0.019880	-1.125000	0.015800
CASE	991016495	54	nn	-0.036788	-0.043494	-11.625000	0.022307
CASE	991016525	79	nn	-0.051699	-0.061721	-14.500000	0.005940
CASE	991016645	29	nn	0.003530	-0.000464	6.625000	0.014546
CASE	991016725	23	nn	0.001124	0.001231	0.187500	0.007647
CASE	991016745	45	bb	-0.044484	-0.049833	-15.500000	0.010846
CASE	991016775	72	nn	0.060334	0.067656	19.000000	0.011262
CASE	991016785	86	nn	0.029618	0.033657	8.437500	0.010686
CASE	991016805	14	nn	0.002917	0.000000	5.500000	0.001211
CASE	991016855	66	nn	-0.019219	-0.022958	-5.500000	0.007408
CASE	991016875	2	nn	-0.000966	0.000000	-1.250000	0.000015
CASE	991016935	64	nn	-0.046474	-0.057821	-10.000000	0.007626
CASE	991016995	38	nn	0.015290	0.022818	0.062500	0.029254
CASE	991017095	51	nn	0.001563	0.008679	-7.250000	0.003197
CASE	991017155	22	nn	-0.010917	-0.003137	-14.125000	0.007058
CASE	991017185	55	bb	-0.006002	-0.004134	-3.937500	0.002273
CASE	991017275	56	nn	-0.025102	-0.030356	-6.187500	0.008855
CASE	991017285	67	nn	-0.025493	-0.024057	-12.125000	0.014118
CASE	991017355	52	nn	0.011804	0.008718	14.437500	0.000825
CASE	991017395	6	nn	0.001437	0.000000	1.562500	0.000150
CASE	991017525	50	nn	-0.033025	-0.039944	-8.062500	0.004311
CASE	991017585	25	nn	0.006563	0.007694	2.375000	0.010726
CASE	991017595	33	nn	0.022704	0.036893	-2.250000	0.045521
CASE	991017645	86	nn	-0.024970	-0.027033	-8.687500	0.029880
CASE	991017665	17	nn	-0.024032	0.000000	-34.937500	0.147895
CASE	991017715	70	nn	0.006997	0.008553	1.687500	0.008191
CASE	991017785	50	nn	-0.012834	-0.013080	-7.125000	0.002693
CASE	991017805	72	nn	0.018618	0.023411	3.875000	0.011892
CASE	991017815	79	nn	0.019017	0.019143	9.437500	0.008240
CASE	991017945	42	nn	-0.012057	-0.011391	-5.875000	0.015098
CASE	991017985	79	nn	-0.008128	-0.013514	0.812500	0.017768
CASE	991018035	42	nn	-0.000749	-0.000415	-0.625000	0.000618
CASE	991018045	56	nn	-0.016383	-0.015216	-12.125000	0.001683
CASE	991018065	73	mixed	0.014496	0.016809	3.875000	0.009575
CASE	991018115	40	nn	-0.029585	-0.036922	-6.000000	0.008967
CASE	991018235	72	nn	0.022778	0.030706	4.062500	0.020322
CASE	991018375	41	nn	0.003685	-0.006313	9.875000	0.029102
CASE	991018415	79	nn	0.011108	0.013071	4.687500	0.009259
CASE	991018485	65	nn	0.040295	0.037207	19.750000	0.009008
CASE	991018565	57	nn	0.000025	-0.006405	5.375000	0.014175
CASE	991018635	40	nn	-0.003472	0.000282	-6.375000	0.005561
CASE	991018675	82	nn	-0.014202	-0.012997	-6.687500	0.023582
CASE	991018705	24	bb	-0.013067	-0.023233	3.562500	0.025919
CASE	991018825	60	nn	0.001959	-0.002198	5.000000	0.021463
CASE	991018835	66	nn	-0.000647	-0.008750	6.125000	0.016269
CASE	991018885	34	bb	0.002864	0.006423	-3.812500	0.004309
CASE	991018925	75	nn	-0.044954	-0.053898	-10.937500	0.015860
CASE	991018935	86	nn	-0.009218	-0.011418	-2.000000	0.009052
CASE	991019025	4	nn	0.050263	0.062500	10.875000	0.028429
CASE	991019345	65	nn	-0.001460	-0.003524	1.375000	0.011365
CASE	991019485	31	nn	-0.011505	-0.008320	-8.687500	0.003373
CASE	991019525	73	nn	-0.013038	-0.013500	-6.062500	0.002078
CASE	991019685	61	nn	-0.015077	-0.017196	-3.750000	0.008662
CASE	991019705	81	nn	-0.023838	-0.029522	-5.937500	0.011417
CASE	991019755	45	nn	-0.009776	-0.020367	4.812500	0.011743
CASE	991019775	64	nn	-0.011591	-0.012654	-4.187500	0.013646
CASE	991019835	38	bb	0.031452	0.035402	10.250000	0.016368
CASE	991019875	76	nn	-0.050336	-0.063875	-9.562500	0.006031
CASE	991019895	11	nn	-0.118559	-0.156250	-18.687500	0.156886
CASE	991019935	52	nn	0.027518	0.023578	14.437500	0.005221
CASE	991019995	26	nn	-0.013930	-0.015202	-4.875000	0.025497
CASE	991020115	59	nn	-0.089731	-0.105618	-26.187500	0.009732
CASE	991020135	81	mixed	-0.000538	0.011375	-10.187500	0.014825
CASE	991020205	64	mixed	-0.050164	-0.049756	-20.875000	0.016613
CASE	991020225	86	nn	-0.015065	-0.016622	-5.000000	0.004450
CASE	991020355	40	nn	-0.004187	-0.002223	-3.812500	0.009940
CASE	991020375	61	nn	0.024652	0.026972	9.000000	0.005539
CASE	991020395	79	nn	-0.018400	-0.021570	-5.750000	0.003146
CASE	991020555	71	bb	0.016947	0.018585	5.500000	0.006617
CASE	991020655	86	nn	-0.015195	-0.014027	-7.375000	0.011296
CASE	991020755	13	nn	-0.055354	-0.062500	-17.312500	0.165334
CASE	991020775	30	nn	-0.048047	-0.053135	-15.687500	0.015867
CASE	991020785	42	bb	0.013782	0.014918	5.125000	0.018769
CASE	991020795	54	mixed	0.022307	0.031528	1.250000	0.010724
CASE	991020905	78	nn	-0.035210	-0.040043	-12.687500	0.031796
CASE	991020995	81	nn	0.060083	0.068544	18.437500	0.011608
CASE	991021035	31	nn	0.003574	0.000072	10.062500	0.000098
CASE	991021045	45	nn	0.021555	0.018236	17.062500	0.004534
CASE	991021085	86	nn	-0.028086	-0.031792	-8.875000	0.007964
CASE	991021145	59	nn	0.005617	0.006919	0.562500	0.002955
CASE	991021245	68	nn	0.013897	0.016129	4.562500	0.004113
CASE	991021255	79	nn	0.016176	0.014511	10.187500	0.011017
CASE	991021325	67	nn	-0.044515	-0.051597	-12.125000	0.018829
CASE	991021405	60	nn	0.005707	0.004179	4.937500	0.003693
CASE	991021495	64	nn	-0.028706	-0.042273	-0.062500	0.008548
CASE	991021515	86	nn	-0.014746	-0.020364	-1.375000	0.028278
CASE	991021565	50	nn	0.029579	0.033630	8.812500	0.013868
CASE	991021585	69	bb	-0.022765	-0.022769	-9.312500	0.007978
CASE	991021675	73	nn	-0.003230	-0.002661	-0.125000	0.006666
CASE	991021745	53	nn	0.018815	0.018868	9.062500	0.004391
CASE	991021765	72	nn	-0.030722	-0.038430	-5.625000	0.011692
CASE	991021805	31	nn	-0.008762	-0.006635	-5.625000	0.044343
CASE	991021855	79	nn	0.047528	0.052384	17.125000	0.004305
CASE	991021905	46	nn	-0.009502	-0.006551	-10.750000	0.000186
CASE	991021935	76	nn	-0.008478	-0.010500	-1.812500	0.002588
CASE	991021945	86	nn	0.016013	0.018938	4.312500	0.024046
CASE	991021965	17	bb	0.000868	0.000000	1.125000	0.000019
CASE	991022065	33	bb	-0.026050	-0.031763	-6.062500	0.011833
CASE	991022085	49	nn	-0.040158	-0.046798	-13.125000	0.019299
CASE	991022145	27	nn	0.028339	0.037301	4.125000	0.015553
CASE	991022155	36	mixed	0.047792	0.047593	20.937500	0.006507
CASE	991022175	57	nn	0.008026	0.008975	2.687500	0.016886
CASE	991022205	2	nn	0.010407	0.000000	14.875000	0.000227
CASE	991022215	8	nn	-0.041639	-0.062500	0.437500	0.167121
CASE	991022355	60	nn	-0.043062	-0.053025	-9.875000	0.009629
CASE	991022445	65	bb	-0.017770	-0.011207	-13.062500	0.012764
CASE	991022525	58	bb	-0.016371	-0.018988	-4.625000	0.001376
CASE	991022595	48	nn	0.072654	0.084256	20.312500	0.020528
CASE	991022625	76	nn	0.027248	0.033569	4.750000	0.006745
CASE	991022775	54	bb	-0.002261	-0.004806	1.312500	0.001997
CASE	991022785	63	nn	-0.003074	-0.008905	7.750000	0.005656
CASE	991022795	76	nn	-0.014895	-0.021103	-1.500000	0.019261
CASE	991022805	86	nn	-0.070766	-0.079062	-24.250000	0.022313
CASE	991022885	78	nn	-0.056393	-0.066760	-14.750000	0.019320
CASE	991023005	28	bb	-0.005676	-0.002040	-8.125000	0.000187
CASE	991023015	36	bb	-0.034659	-0.038499	-11.062500	0.006535
CASE	991023035	57	nn	-0.013691	-0.018370	0.250000	0.021973
CASE	991023105	38	nn	0.020424	0.021516	7.625000	0.020158
CASE	991023175	25	nn	0.030951	0.037551	7.687500	0.005998
CASE	991023555	60	nn	0.000930	0.004557	-2.312500	0.004581
CASE	991023625	45	nn	-0.046692	-0.059924	-9.062500	0.014663
CASE	991023655	73	nn	-0.014861	-0.015264	-7.125000	0.026184
CASE	991023675	9	bb	-0.015503	-0.031250	6.750000	0.038848
CASE	991023895	55	nn	-0.028990	-0.033444	-8.375000	0.013560
CASE	991023915	78	nn	-0.013856	-0.021490	0.250000	0.013475
CASE	991023935	12	nn	0.003603	0.000000	5.375000	0.000535
CASE	991024105	8	nn	0.046888	0.062500	6.375000	0.096240
CASE	991024115	15	nn	-0.061390	-0.093750	0.750000	0.039639
CASE	991024215	33	nn	-0.049459	-0.054040	-18.562500	0.002769
CASE	991024375	18	nn	-0.000153	0.000000	0.375000	0.000843
CASE	991024505	64	mixed	-0.011393	-0.010593	-5.937500	0.025121
CASE	991024575	49	mixed	0.010966	0.032305	-13.437500	0.036340
CASE	991024755	58	nn	-0.016211	-0.018878	-4.437500	0.019719
CASE	991024765	65	nn	-0.006168	-0.008371	-2.125000	0.021127
CASE	991024835	46	nn	-0.004992	-0.004080	-5.937500	0.000800
CASE	991024845	58	bb	-0.001654	0.002739	-4.625000	0.003799
CASE	991024895	24	nn	-0.005904	-0.001124	-7.312500	0.001705
CASE	991024935	66	nn	0.019616	0.022596	6.750000	0.019544
CASE	991024955	86	nn	-0.001050	-0.006198	4.250000	0.012244
CASE	991024975	19	nn	-0.046932	-0.062500	-0.312500	0.041093
CASE	991025085	41	nn	0.034586	0.038221	11.000000	0.006141
CASE	991025095	53	nn	0.000578	-0.000928	1.375000	0.008061
CASE	991025245	32	nn	-0.002800	-0.000298	-4.062500	0.001104
CASE	991025385	86	bb	0.023604	0.023349	10.312500	0.008841
CASE	991025425	37	nn	-0.002134	-0.007852	3.812500	0.011035
CASE	991025445	60	nn	-0.034917	-0.038453	-11.625000	0.013339
CASE	991025525	53	nn	0.006451	0.004943	5.062500	0.005689
CASE	991025585	28	nn	-0.006614	-0.003659	-5.187500	0.012278
CASE	991025765	35	nn	-0.035926	-0.040095	-12.562500	0.028182
CASE	991025965	64	bb	0.016331	0.018984	5.937500	0.001560
CASE	991026155	79	nn	0.005639	0.006520	2.125000	0.024166
CASE	991026245	86	nn	0.010511	0.010351	4.500000	0.018603
CASE	991026445	24	nn	0.010803	0.012645	5.375000	0.005008
CASE	991026495	77	nn	-0.040163	-0.045670	-12.125000	0.010966
CASE	991026675	86	bb	0.011806	0.014655	2.500000	0.005357
CASE	991026785	24	nn	-0.003502	-0.008119	4.062500	0.014812
CASE	991026825	59	nn	0.015083	0.020296	2.500000	0.001734
CASE	991026865	16	nn	-0.093580	-0.125000	-12.250000	0.200351
CASE	991026925	76	nn	0.036425	0.044922	8.062500	0.024997
CASE	991027075	54	nn	0.005444	0.007472	0.562500	0.026717
CASE	991027095	75	nn	-0.000671	-0.001246	1.875000	0.007176
CASE	991027125	15	nn	0.016140	0.000000	29.312500	0.000725
CASE	991027275	81	nn	0.032557	0.039117	7.437500	0.011005
CASE	991027415	51	nn	0.000420	0.001189	-0.812500	0.002923
CASE	991027465	13	nn	0.045038	0.062500	3.750000	0.034871
CASE	991027505	54	nn	0.023875	0.027186	6.500000	0.011237
CASE	991027535	86	bb	-0.004308	-0.007255	0.750000	0.017422
CASE	991027615	76	nn	0.032639	0.035902	12.750000	0.006207
CASE	991027665	43	nn	-0.021133	-0.017166	-13.312500	0.008794
CASE	991027725	18	nn	-0.095629	-0.125000	-16.187500	0.066304
CASE	991027875	79	nn	-0.012043	-0.015619	-1.562500	0.002734
CASE	991027885	2	nn	-0.017814	0.000000	-24.125000	0.000582
CASE	991027985	19	nn	-0.047172	-0.062500	-9.687500	0.033220
CASE	991028135	83	nn	-0.010698	-0.011938	-3.812500	0.013311
CASE	991028175	35	nn	-0.035093	-0.036390	-14.375000	0.006265
CASE	991028205	66	nn	0.023902	0.025300	12.062500	0.008175
CASE	991028275	47	nn	-0.017006	-0.016889	-8.375000	0.001018
CASE	991028305	81	nn	0.054736	0.058153	21.125000	0.008707
CASE	991028365	56	nn	-0.001478	0.001160	-2.687500	0.010737
CASE	991028375	65	nn	-0.016499	-0.019160	-5.062500	0.005213
CASE	991028455	60	nn	-0.017301	-0.016048	-8.437500	0.007462
CASE	991028475	79	nn	-0.028147	-0.025793	-19.875000	0.010391
CASE	991028485	4	nn	-0.002401	0.000000	-3.000000	0.000366
CASE	991028515	29	nn	-0.003803	-0.000227	-13.000000	0.000079
CASE	991028575	7	nn	-0.106271	-0.156250	-2.500000	0.059719
CASE	991028605	38	bb	-0.001468	-0.001896	-0.250000	0.000014
CASE	991028635	65	nn	-0.035650	-0.046539	-7.187500	0.008907
CASE	991028735	81	nn	-0.032132	-0.032622	-12.687500	0.019884
CASE	991028775	36	nn	-0.023442	-0.024874	-8.812500	0.002143
CASE	991028825	86	nn	-0.038720	-0.047843	-8.437500	0.007797
CASE	991028865	38	nn	0.005110	0.008461	-0.750000	0.024626
CASE	991028885	58	nn	0.014204	0.014100	7.250000	0.015423
CASE	991028895	69	nn	0.005011	0.007120	0.375000	0.018824
CASE	991028955	39	nn	-0.041985	-0.049793	-11.625000	0.017248
CASE	991029005	7	bb	0.002705	0.000000	4.125000	0.000027
CASE	991029075	74	nn	0.039719	0.042979	14.687500	0.020601
CASE	991029185	14	bb	-0.046747	-0.062500	-6.312500	0.034095
CASE	991029215	46	bb	-0.000066	-0.000095	0.000000	0.000000
CASE	991029395	49	nn	0.029431	0.032036	13.000000	0.003402
CASE	991029435	7	mixed	0.058926	0.062500	22.437500	0.103997
CASE	991029635	36	nn	0.003591	0.005120	0.125000	0.000433
CASE	991029645	45	bb	0.001264	0.000909	0.937500	0.000009
CASE	991029665	64	nn	-0.025273	-0.027829	-9.625000	0.009636
CASE	991029675	75	nn	0.032713	0.034971	12.437500	0.030912
CASE	991029755	67	bb	-0.045098	-0.051746	-14.500000	0.011482
CASE	991029785	10	nn	0.003724	0.000000	8.625000	0.000252
CASE	991029825	48	nn	-0.043643	-0.052384	-10.187500	0.026420
CASE	991029855	81	nn	-0.024964	-0.024957	-10.625000	0.011653
CASE	991029865	7	nn	0.061436	0.062500	29.250000	0.095252
CASE	991029995	51	mixed	-0.060590	-0.071526	-16.750000	0.013406
CASE	991030055	25	nn	-0.086274	-0.110117	-15.812500	0.011081
CASE	991030065	35	nn	-0.000157	-0.001785	3.000000	0.012892
CASE	991030095	65	nn	-0.001362	-0.000815	-1.187500	0.000030
CASE	991030175	59	nn	-0.008469	-0.009645	-3.750000	0.008863
CASE	991030265	62	nn	-0.038744	-0.044180	-13.375000	0.025496
CASE	991030365	73	nn	0.017209	0.021122	5.187500	0.006032
CASE	991030395	22	bb	0.044592	0.058570	3.750000	0.018130
CASE	991030415	39	bb	0.001387	0.002003	0.062500	0.000031
CASE	991030435	56	nn	-0.021242	-0.028879	-2.687500	0.004258
CASE	991030445	69	nn	-0.005552	-0.004588	-3.187500	0.006206
CASE	991030615	69	nn	-0.014637	-0.015887	-4.812500	0.016046
CASE	991030795	75	nn	-0.062117	-0.072686	-16.812500	0.016340
CASE	991031195	48	bb	0.009844	0.007574	7.437500	0.002150
CASE	991031265	29	nn	-0.044756	-0.049119	-16.500000	0.008227
CASE	991031315	81	nn	-0.034837	-0.044950	-7.000000	0.007050
CASE	991031405	86	nn	-0.022976	-0.025798	-7.125000	0.016028
CASE	991031465	58	nn	-0.008076	-0.016110	4.500000	0.005724
CASE	991031495	2	nn	0.001408	0.000000	1.750000	0.000010
CASE	991031635	55	nn	-0.006223	-0.001504	-6.437500	0.013569
CASE	991031705	40	nn	0.012167	0.005737	11.562500	0.001990
CASE	991031745	82	nn	-0.010656	-0.008991	-5.937500	0.007385
CASE	991031755	6	nn	-0.039549	-0.062500	3.000000	0.100120
CASE	991031835	86	nn	0.002324	0.005767	-1.437500	0.014001
CASE	991031885	50	nn	-0.041838	-0.049139	-11.125000	0.004288
CASE	991031975	52	nn	-0.010250	-0.013934	-1.562500	0.006413
CASE	991032065	58	nn	-0.022826	-0.026464	-6.312500	0.003311
CASE	991032105	11	nn	-0.065634	-0.093750	-3.500000	0.137351
CASE	991032235	56	bb	-0.013854	-0.016502	-3.437500	0.003036
CASE	991032285	17	bb	-0.003293	0.000000	-3.250000	0.000325
CASE	991032325	60	nn	-0.007823	-0.005901	-5.437500	0.008885
CASE	991032345	74	nn	-0.033658	-0.036888	-12.562500	0.004809
CASE	991032395	44	nn	-0.029945	-0.036512	-7.375000	0.011275
CASE	991032435	81	nn	-0.003736	-0.006011	3.437500	0.014615
CASE	991032465	25	nn	0.021847	0.027747	4.875000	0.010664
CASE	991032475	35	nn	0.028413	0.037802	4.375000	0.010944
CASE	991032535	6	nn	-0.118561	-0.187500	9.062500	0.091713
CASE	991032555	29	nn	0.000680	0.002829	-4.312500	0.000720
CASE	991032575	52	bb	-0.001243	-0.001540	-0.250000	0.000027
CASE	991032605	80	mixed	0.036002	0.046253	6.375000	0.011525
CASE	991032675	62	nn	0.008032	0.016620	-3.937500	0.014180
CASE	991032775	79	nn	-0.005594	-0.008357	-0.312500	0.003139
CASE	991032845	62	nn	-0.059014	-0.065945	-19.750000	0.026176
CASE	991032915	46	bb	-0.003780	-0.005244	-0.375000	0.001849
CASE	991032935	66	nn	0.028764	0.035182	7.375000	0.008093
CASE	991033015	62	nn	-0.003430	-0.005180	0.125000	0.000768
CASE	991033035	79	bb	-0.008497	-0.008193	-3.750000	0.015568
CASE	991033075	36	nn	-0.019173	-0.025183	-3.000000	0.013513
CASE	991033105	66	bb	0.018964	0.023728	3.750000	0.004229
CASE	991033255	44	nn	-0.033478	-0.038612	-12.125000	0.006403
CASE	991033345	48	bb	-0.021172	-0.025340	-6.187500	0.014052
CASE	991033405	21	bb	0.105561	0.125000	32.625000	0.139112
CASE	991033415	29	bb	0.002085	0.001722	0.875000	0.002963
CASE	991033445	57	bb	0.026444	0.032253	6.125000	0.018964
CASE	991033465	81	nn	0.036542	0.044343	8.625000	0.013003
CASE	991033505	35	nn	-0.005551	-0.006144	-3.125000	0.005722
CASE	991033655	12	nn	0.002230	0.000000	3.125000	0.138620
CASE	991033715	74	nn	0.004208	-0.003742	9.062500	0.002856
CASE	991033725	83	nn	-0.038123	-0.040336	-13.937500	0.010049
CASE	991033755	28	nn	0.020687	0.023538	6.062500	0.018401
CASE	991033875	56	bb	0.032893	0.044764	5.000000	0.020578
CASE	991033935	32	nn	-0.022920	-0.029478	-4.250000	0.026481
CASE	991034025	39	nn	-0.021697	-0.021868	-8.562500	0.027819
CASE	991034055	68	nn	-0.005701	-0.010056	1.562500	0.020959
CASE	991034065	80	nn	-0.025037	-0.029206	-6.125000	0.011200
CASE	991034105	28	bb	-0.010241	-0.016797	1.375000	0.011296
CASE	991034225	67	nn	-0.020445	-0.021953	-7.375000	0.005330
CASE	991034395	64	nn	0.044885	0.053008	12.625000	0.011971
CASE	991034405	73	nn	0.016902	0.018823	7.187500	0.010618
CASE	991034495	80	nn	-0.052765	-0.059095	-17.812500	0.006510
CASE	991034605	16	nn	0.013417	0.000000	18.250000	0.000697
CASE	991034625	36	nn	-0.030872	-0.040305	-5.812500	0.012085
CASE	991034665	76	nn	-0.033227	-0.031408	-17.687500	0.022615
CASE	991034725	52	nn	-0.054928	-0.061490	-17.687500	0.027282
CASE	991034735	57	bb	0.002475	0.003270	-0.437500	0.002379
CASE	991034885	37	bb	0.035795	0.043057	8.812500	0.006710
CASE	991034915	67	nn	0.048288	0.063167	7.687500	0.032883
CASE	991034925	79	nn	0.029584	0.027497	21.187500	0.010594
CASE	991034975	38	nn	-0.019826	-0.014242	-20.375000	0.001136
CASE	991034985	50	nn	-0.014124	-0.014356	-4.375000	0.008561
CASE	991035235	42	mixed	-0.001911	0.003978	-7.250000	0.003891
CASE	991035485	37	bb	-0.052532	-0.059421	-16.187500	0.016618
CASE	991035595	60	nn	0.028315	0.034704	5.437500	0.025106
CASE	991035635	16	nn	0.064695	0.062500	40.687500	0.107320
CASE	991035765	56	nn	-0.000311	-0.001840	3.000000	0.011768
CASE	991035775	70	nn	-0.018380	-0.024942	-2.312500	0.011414
CASE	991035905	26	nn	-0.011649	-0.010630	-5.687500	0.008457
CASE	991035935	57	nn	0.003117	0.003952	0.562500	0.000425
CASE	991036075	26	nn	-0.018514	-0.009751	-23.187500	0.001653
CASE	991036135	86	nn	0.022886	0.028515	4.937500	0.009578
CASE	991036275	52	nn	-0.019418	-0.020750	-8.187500	0.011339
CASE	991036375	67	nn	-0.009991	-0.011591	-4.375000	0.004447
CASE	991036555	76	nn	0.047414	0.048042	19.812500	0.010304
CASE	991036805	65	nn	-0.078333	-0.088222	-30.312500	0.012350
CASE	991036995	86	nn	-0.086880	-0.099137	-26.000000	0.008370
CASE	991037075	74	nn	-0.038518	-0.040772	-17.187500	0.011851
CASE	991037115	32	nn	-0.065352	-0.074116	-22.250000	0.024796
CASE	991037235	65	nn	-0.019363	-0.023345	-5.375000	0.011420
CASE	991037245	78	nn	0.027952	0.031551	8.875000	0.010069
CASE	991037275	21	nn	-0.006808	0.000000	-10.562500	0.000949
CASE	991037295	41	nn	0.004926	0.004721	2.062500	0.030159
CASE	991037315	57	bb	-0.032457	-0.042905	-4.250000	0.016722
CASE	991037365	26	nn	-0.008630	0.001355	-14.125000	0.008462
CASE	991037435	9	nn	-0.044113	-0.062500	-2.937500	0.171402
CASE	991037475	49	nn	-0.017933	-0.017817	-7.875000	0.013001
CASE	991037525	12	nn	0.007507	0.000000	36.312500	0.000245
CASE	991037585	72	nn	-0.005463	-0.002975	-4.437500	0.014247
CASE	991037595	79	nn	0.016093	0.013606	11.375000	0.005438
CASE	991037665	67	bb	-0.046784	-0.055228	-12.375000	0.008927
CASE	991037725	40	bb	-0.026901	-0.032611	-6.312500	0.005142
CASE	991037765	81	nn	0.016708	0.018976	4.562500	0.020026
CASE	991037815	45	nn	0.018830	0.022726	4.125000	0.015573
CASE	991037985	42	nn	-0.012600	-0.015781	-2.562500	0.002486
CASE	991038065	35	nn	0.090438	0.105228	26.500000	0.013119
CASE	991038245	43	nn	-0.006350	-0.002263	-7.062500	0.002626
CASE	991038285	86	nn	-0.045427	-0.057643	-8.687500	0.011525
CASE	991038315	28	nn	0.003211	-0.004337	12.437500	0.000508
CASE	991038435	62	nn	0.013258	0.011415	12.875000	0.002657
CASE	991038555	8	bb	-0.000472	0.000000	-0.625000	0.000002
CASE	991038595	48	mixed	0.008861	0.008423	12.000000	0.003139
CASE	991038785	70	nn	0.005539	0.002760	6.562500	0.010842
CASE	991038795	79	nn	0.031668	0.036485	9.062500	0.005146
CASE	991038835	33	nn	0.071025	0.090527	13.625000	0.014439
CASE	991038845	38	nn	0.003287	-0.000062	5.062500	0.016220
CASE	991038885	82	nn	-0.025189	-0.024243	-12.250000	0.015052
CASE	991038925	33	nn	-0.004384	-0.003744	-1.500000	0.002872
CASE	991038945	56	nn	-0.047088	-0.054563	-13.062500	0.011997
CASE	991039025	52	mixed	-0.015523	-0.018901	-3.625000	0.027055
CASE	991039165	18	mixed	-0.064928	-0.062500	-42.562500	0.035839
CASE	991039175	29	nn	0.033292	0.036597	11.000000	0.023996
CASE	991039215	64	mixed	0.032436	0.041368	11.875000	0.017362
CASE	991039225	77	nn	-0.037260	-0.031714	-19.812500	0.013756
CASE	991039395	73	nn	-0.029039	-0.028500	-12.625000	0.018426
CASE	991039475	72	nn	-0.026416	-0.029708	-8.375000	0.020159
CASE	991039485	81	nn	-0.015717	-0.018631	-4.187500	0.016157
CASE	991039525	35	nn	0.028845	0.029677	10.625000	0.018615
CASE	991039735	73	nn	0.010845	0.009487	7.000000	0.029252
CASE	991039805	56	nn	0.012459	0.009112	10.687500	0.001788
CASE	991039815	63	nn	-0.036413	-0.043520	-9.687500	0.011867
CASE	991039825	72	nn	-0.006409	-0.008655	-1.625000	0.017842
CASE	991039845	11	bb	0.000544	0.000000	1.875000	0.000634
CASE	991039955	36	bb	-0.002802	-0.001786	-1.937500	0.007153
POS	3929	592
