CASE	991000003	68	nn	0.000062	0.002747	-2.250000	0.003807
CASE	991000013	81	nn	-0.030779	-0.036672	-9.187500	0.019757
CASE	991000153	47	nn	-0.020964	-0.023813	-3.750000	0.009909
CASE	991000163	59	nn	-0.017457	-0.014431	-9.812500	0.009793
CASE	991000253	65	nn	-0.034103	-0.040857	-8.500000	0.021732
CASE	991000283	6	nn	-0.002037	0.000000	-7.125000	0.000351
CASE	991000333	58	nn	0.000712	-0.000961	4.375000	0.000558
CASE	991000343	68	bb	0.012004	0.009481	8.375000	0.000845
CASE	991000413	51	nn	0.019825	0.016682	11.250000	0.023157
CASE	991000433	74	nn	0.021204	0.023944	6.312500	0.006476
CASE	991000493	46	nn	0.090967	0.109079	22.562500	0.013526
CASE	991000503	55	nn	-0.056243	-0.064764	-15.562500	0.014417
CASE	991000603	72	nn	0.023093	0.030334	3.937500	0.011603
CASE	991000643	26	nn	-0.027763	-0.035363	-5.937500	0.010858
CASE	991000653	31	nn	0.083351	0.100637	19.687500	0.044481
CASE	991000703	86	nn	-0.029677	-0.032685	-9.875000	0.016418
CASE	991000753	45	nn	0.003370	0.001173	3.562500	0.003024
CASE	991000773	64	nn	-0.013637	-0.011056	-9.937500	0.013946
CASE	991000783	79	nn	0.029206	0.032338	10.500000	0.011331
CASE	991000853	64	mixed	0.009912	0.012208	2.625000	0.018333
CASE	991001223	4	nn	-0.120413	-0.187500	5.625000	0.076658
CASE	991001233	13	nn	0.135411	0.187500	13.625000	0.095567
CASE	991001283	61	nn	0.013258	0.019004	0.437500	0.008437
CASE	991001433	39	nn	-0.002905	0.000126	-9.937500	0.000100
CASE	991001543	66	nn	-0.027599	-0.034778	-5.687500	0.016248
CASE	991001573	8	nn	-0.015277	0.000000	-23.687500	0.000373
CASE	991001603	40	nn	-0.020222	-0.026156	-3.875000	0.018698
CASE	991001613	50	nn	0.038421	0.043904	11.250000	0.008943
CASE	991001633	69	nn	0.001200	-0.000772	1.687500	0.007367
CASE	991001693	38	nn	0.003005	-0.009306	11.562500	0.014721
CASE	991001773	37	bb	0.011248	0.015691	1.062500	0.011783
CASE	991001883	59	nn	0.051863	0.059093	15.937500	0.019217
CASE	991001963	52	nn	0.000432	0.001458	-7.375000	0.003763
CASE	991002113	33	nn	0.016880	0.024559	-0.375000	0.025795
CASE	991002123	44	bb	-0.004388	-0.005254	-1.812500	0.009321
CASE	991002143	62	nn	-0.003998	-0.003270	-2.500000	0.015161
CASE	991002163	84	nn	-0.059259	-0.069768	-16.250000	0.008003
CASE	991002313	57	nn	-0.034766	-0.040552	-11.187500	0.003300
CASE	991002423	86	nn	0.044537	0.046328	17.125000	0.021321
CASE	991002553	44	bb	0.068649	0.078100	20.750000	0.037672
CASE	991002573	58	nn	0.010270	0.013422	1.875000	0.007399
CASE	991002673	78	nn	0.023326	0.024434	9.312500	0.020033
CASE	991002743	60	nn	-0.003473	-0.002870	-2.187500	0.000101
CASE	991002753	68	nn	-0.017399	-0.021123	-4.500000	0.008143
CASE	991002763	81	nn	-0.054962	-0.063246	-17.250000	0.011865
CASE	991002853	86	nn	0.007348	0.007836	2.187500	0.006636
CASE	991003013	72	nn	0.006321	0.010439	-2.625000	0.011079
CASE	991003023	80	nn	-0.018157	-0.017799	-8.250000	0.013672
CASE	991003073	48	nn	0.000611	0.001867	-0.437500	0.007798
CASE	991003083	55	mixed	-0.033481	-0.034937	-12.875000	0.009420
CASE	991003093	63	mixed	-0.012765	-0.010389	-8.062500	0.014844
CASE	991003123	12	nn	-0.095832	-0.125000	-16.312500	0.268144
CASE	991003133	17	nn	-0.051877	-0.062500	-14.562500	0.036000
CASE	991003143	30	bb	0.002227	0.001945	1.375000	0.000122
CASE	991003153	41	nn	0.015602	0.018602	4.625000	0.004098
CASE	991003173	56	nn	0.023751	0.022668	15.500000	0.007646
CASE	991003223	26	nn	-0.016038	-0.008840	-13.000000	0.041982
CASE	991003273	74	nn	-0.001027	0.002473	-3.375000	0.020570
CASE	991003323	40	nn	0.004176	0.002210	4.812500	0.000453
CASE	991003363	79	nn	0.018836	0.021653	7.062500	0.002088
CASE	991003573	31	nn	0.062223	0.078891	12.812500	0.034635
CASE	991003733	17	nn	-0.087689	-0.125000	-5.375000	0.122322
CASE	991003803	1	bb	0.008911	0.000000	10.937500	0.000025
CASE	991003883	82	nn	0.023864	0.022829	11.125000	0.025057
CASE	991003913	28	nn	-0.004787	-0.008396	0.875000	0.001247
CASE	991003923	34	nn	-0.020533	-0.022147	-8.187500	0.010543
CASE	991004093	35	nn	0.000537	-0.004125	4.187500	0.011767
CASE	991004143	86	nn	-0.017033	-0.021662	-3.187500	0.004912
CASE	991004253	22	bb	-0.016565	-0.022102	-2.312500	0.005243
CASE	991004353	36	nn	-0.043317	-0.051833	-12.125000	0.035018
CASE	991004373	55	nn	-0.011539	-0.011712	-7.437500	0.000892
CASE	991004383	62	nn	-0.009417	-0.009245	-3.875000	0.016432
CASE	991004483	79	bb	-0.001912	-0.002156	-0.625000	0.000028
CASE	991004543	53	nn	-0.067781	-0.075660	-22.750000	0.008593
CASE	991004573	86	nn	0.011022	0.009751	5.875000	0.011875
CASE	991004583	4	nn	-0.005202	0.000000	-6.437500	0.001802
CASE	991004603	26	bb	0.001105	0.000081	2.250000	0.000010
CASE	991004653	80	nn	-0.024252	-0.025969	-11.937500	0.025017
CASE	991004783	38	nn	-0.038358	-0.044718	-12.937500	0.007372
CASE	991004883	52	bb	-0.008372	-0.007246	-5.187500	0.000280
CASE	991004893	62	nn	0.042574	0.044813	15.937500	0.013247
CASE	991004993	74	nn	-0.020273	-0.025922	-3.562500	0.024427
CASE	991005003	86	nn	0.054860	0.065829	13.312500	0.016992
CASE	991005043	37	nn	-0.032532	-0.042969	-6.625000	0.016865
CASE	991005143	51	nn	-0.005781	-0.003441	-4.562500	0.014524
CASE	991005183	5	nn	-0.049647	-0.062500	-11.062500	0.035764
CASE	991005193	17	nn	-0.086054	-0.125000	-2.812500	0.059903
CASE	991005273	8	nn	0.133362	0.187500	10.812500	0.088443
CASE	991005303	41	nn	-0.007232	-0.005276	-4.562500	0.016798
CASE	991005403	55	nn	0.015410	0.016300	5.625000	0.021084
CASE	991005543	23	nn	-0.035925	-0.040777	-10.875000	0.007108
CASE	991005633	28	nn	0.041017	0.047758	13.750000	0.008665
CASE	991005863	86	nn	0.054109	0.060137	17.437500	0.022086
CASE	991006003	54	nn	-0.011413	-0.014943	-1.500000	0.003864
CASE	991006023	74	nn	-0.008462	-0.008773	-1.687500	0.024240
CASE	991006093	58	nn	0.007102	0.004016	5.812500	0.028368
CASE	991006163	40	nn	-0.027543	-0.024103	-18.812500	0.001971
CASE	991006193	68	nn	-0.075070	-0.090077	-20.187500	0.007486
CASE	991006333	38	nn	0.009214	0.014343	0.125000	0.014066
CASE	991006373	80	bb	0.019928	0.023681	4.937500	0.004679
CASE	991006453	71	nn	0.023233	0.032201	2.875000	0.005672
CASE	991006463	81	nn	0.051710	0.063186	13.000000	0.010897
CASE	991006503	37	nn	-0.041406	-0.050634	-9.562500	0.005536
CASE	991006583	32	nn	0.006572	0.016090	-5.687500	0.017427
CASE	991006723	86	nn	-0.033423	-0.044965	-4.375000	0.009249
CASE	991006773	49	nn	0.014839	0.017495	3.875000	0.007825
CASE	991006853	44	nn	0.033631	0.037873	11.437500	0.006993
CASE	991006973	78	nn	-0.033140	-0.039896	-7.750000	0.025043
CASE	991007083	13	nn	-0.082445	-0.125000	4.000000	0.128331
CASE	991007173	18	nn	-0.046480	-0.062500	-6.250000	0.098177
CASE	991007373	43	nn	-0.021631	-0.024265	-7.375000	0.015106
CASE	991007453	40	nn	-0.020514	-0.020976	-8.125000	0.005385
CASE	991007473	60	nn	0.022379	0.023876	9.500000	0.003517
CASE	991007583	86	nn	0.001708	0.001983	0.937500	0.018534
CASE	991007753	80	nn	0.059102	0.058538	25.187500	0.015665
CASE	991007823	65	nn	-0.053612	-0.057649	-18.812500	0.013341
CASE	991007893	51	nn	-0.003371	0.000910	-14.125000	0.003607
CASE	991008003	74	nn	0.026651	0.031774	7.375000	0.008164
CASE	991008013	86	nn	0.041146	0.047038	12.750000	0.021660
CASE	991008143	39	nn	-0.009645	-0.009144	-5.937500	0.002248
CASE	991008313	39	nn	-0.019767	-0.021503	-6.687500	0.005502
CASE	991008343	70	bb	0.017516	0.018837	6.250000	0.003993
CASE	991008413	54	nn	-0.003557	-0.004364	-0.812500	0.000161
CASE	991008433	75	nn	-0.067322	-0.075623	-20.750000	0.005952
CASE	991008453	10	nn	0.004090	0.000000	6.125000	0.000419
CASE	991008683	67	nn	-0.026753	-0.027739	-11.375000	0.007027
CASE	991008853	63	nn	-0.003730	0.004650	-9.062500	0.019263
CASE	991008863	73	nn	-0.005967	-0.003677	-5.750000	0.020651
CASE	991008953	80	nn	0.047162	0.052011	16.562500	0.007861
CASE	991009073	27	nn	0.030878	0.031912	15.875000	0.003753
CASE	991009103	52	nn	-0.005129	-0.007083	-0.062500	0.017255
CASE	991009183	48	nn	-0.059057	-0.061828	-30.062500	0.015691
CASE	991009343	40	nn	-0.025058	-0.026923	-6.687500	0.012118
CASE	991009353	48	nn	0.028499	0.031859	9.000000	0.012418
CASE	991009523	47	nn	-0.039488	-0.048421	-8.562500	0.012946
CASE	991009553	74	bb	-0.004241	-0.004093	-2.187500	0.014971
CASE	991009643	80	nn	-0.014637	-0.017800	-2.000000	0.011090
CASE	991009713	61	nn	-0.007991	-0.014180	2.187500	0.024334
CASE	991009733	86	nn	-0.034524	-0.036699	-12.250000	0.004774
CASE	991009763	24	bb	-0.029274	-0.038676	-4.312500	0.002846
CASE	991009793	57	bb	-0.036589	-0.039729	-12.375000	0.010230
CASE	991009813	80	bb	-0.082086	-0.092012	-25.375000	0.014012
CASE	991009843	21	nn	0.037582	0.062500	-6.437500	0.097970
CASE	991009973	67	nn	-0.007238	-0.010705	1.812500	0.026536
CASE	991010063	70	nn	-0.021230	-0.020111	-10.437500	0.017770
CASE	991010133	55	nn	0.010170	0.007765	6.187500	0.004923
CASE	991010153	74	bb	-0.024012	-0.027229	-7.500000	0.013843
CASE	991010163	86	nn	0.028489	0.032933	7.375000	0.003314
CASE	991010223	56	nn	0.022162	0.015850	15.937500	0.002716
CASE	991010243	80	nn	-0.037219	-0.040077	-14.062500	0.015052
CASE	991010323	71	nn	-0.004868	-0.002519	-4.562500	0.026848
CASE	991010373	38	nn	0.009443	0.018264	-5.687500	0.002376
CASE	991010383	48	nn	0.051073	0.066064	8.750000	0.010193
CASE	991010663	70	nn	-0.018120	-0.018786	-6.562500	0.012421
CASE	991010843	76	nn	-0.024169	-0.029346	-5.812500	0.010374
CASE	991010903	52	nn	0.005795	0.013603	-4.125000	0.015033
CASE	991010953	15	nn	0.092430	0.125000	12.000000	0.056608
CASE	991010963	23	nn	0.001201	0.003661	-1.687500	0.007006
CASE	991011053	27	nn	-0.007791	-0.009818	-1.500000	0.000971
CASE	991011133	20	nn	0.001535	0.000000	0.937500	0.066673
CASE	991011183	74	nn	-0.020290	-0.022430	-9.125000	0.008662
CASE	991011233	36	nn	0.014036	0.016581	5.375000	0.002284
CASE	991011253	57	nn	-0.016076	-0.021350	-1.812500	0.003702
CASE	991011263	67	nn	-0.019465	-0.021723	-6.062500	0.001093
CASE	991011273	72	nn	-0.048797	-0.053022	-23.125000	0.004698
CASE	991011313	32	nn	0.033724	0.030818	18.062500	0.004506
CASE	991011333	49	nn	0.012252	0.011086	7.750000	0.005691
CASE	991011353	71	nn	-0.004897	-0.003472	-2.875000	0.011119
CASE	991011423	55	nn	0.018169	0.019520	8.125000	0.003107
CASE	991011453	86	nn	-0.020054	-0.020858	-7.187500	0.013179
CASE	991011533	74	nn	-0.014444	-0.014026	-10.125000	0.009441
CASE	991011683	58	nn	0.009367	0.009412	4.375000	0.008552
CASE	991011793	81	mixed	-0.138131	-0.153708	-44.187500	0.014013
CASE	991011863	62	nn	0.020502	0.026988	5.375000	0.024574
CASE	991011883	86	bb	-0.008921	-0.004702	-7.750000	0.004226
CASE	991011943	56	nn	-0.000646	-0.000876	0.062500	0.000534
CASE	991011973	3	nn	0.000000	0.000000	0.000000	0.000000
CASE	991012123	64	nn	0.008702	0.012088	0.500000	0.015408
CASE	991012233	5	bb	0.042518	0.062500	1.000000	0.028351
CASE	991012313	86	nn	0.026453	0.028878	9.000000	0.021605
CASE	991012393	80	bb	-0.037920	-0.040398	-13.750000	0.013380
CASE	991012463	60	nn	-0.051462	-0.058857	-15.000000	0.019733
CASE	991012633	59	mixed	-0.000542	0.003480	-3.500000	0.007412
CASE	991012733	72	bb	-0.023773	-0.029391	-5.125000	0.008648
CASE	991012743	86	nn	-0.009818	-0.012675	-1.312500	0.025763
CASE	991012803	55	nn	-0.029709	-0.039734	-3.812500	0.009974
CASE	991012843	13	nn	-0.003119	0.000000	-5.625000	0.000497
CASE	991012883	53	nn	0.003825	0.003357	2.187500	0.001755
CASE	991013033	32	mixed	-0.019843	-0.008123	-17.875000	0.005588
CASE	991013043	42	nn	-0.024212	-0.028549	-6.125000	0.019982
CASE	991013073	70	bb	0.068949	0.074646	24.125000	0.009056
CASE	991013173	86	bb	-0.010162	-0.009749	-4.625000	0.004109
CASE	991013293	33	nn	-0.010231	-0.005545	-11.125000	0.002992
CASE	991013323	62	nn	-0.006702	-0.003553	-5.250000	0.018896
CASE	991013343	81	nn	0.028563	0.030459	10.875000	0.015909
CASE	991013423	76	nn	0.023381	0.010146	22.187500	0.010697
CASE	991013493	61	bb	0.004245	0.002642	-0.500000	0.013384
CASE	991013513	81	nn	0.000751	-0.000409	0.812500	0.010013
CASE	991013583	64	nn	0.044796	0.055581	9.250000	0.010372
CASE	991013603	86	nn	-0.020518	-0.022214	-5.687500	0.014679
CASE	991013613	10	nn	0.000923	0.000000	9.625000	0.000011
CASE	991013653	50	nn	0.020062	0.021236	7.125000	0.014569
CASE	991013673	69	nn	-0.007752	-0.004626	-5.687500	0.003812
CASE	991013723	34	nn	-0.004247	-0.003059	-6.562500	0.004022
CASE	991013763	72	nn	-0.002576	0.003041	-4.875000	0.015872
CASE	991013903	41	nn	0.036273	0.038233	13.687500	0.007241
CASE	991014113	76	nn	-0.021679	-0.027102	-5.125000	0.012338
CASE	991014183	64	nn	0.025301	0.029682	8.750000	0.002258
CASE	991014203	81	nn	0.012404	0.011524	6.062500	0.015582
CASE	991014273	66	mixed	-0.042543	-0.050692	-11.437500	0.028511
CASE	991014343	51	bb	0.000000	0.000000	0.000000	0.000000
CASE	991014463	86	nn	-0.026381	-0.029933	-8.875000	0.010850
CASE	991014513	46	nn	-0.048515	-0.055347	-14.375000	0.013442
CASE	991014543	80	nn	0.042403	0.046620	14.875000	0.013810
CASE	991014573	23	nn	0.009892	0.003030	20.125000	0.000185
CASE	991014613	63	nn	-0.001324	0.000485	-1.687500	0.001463
CASE	991015143	74	nn	0.001853	0.004220	-1.687500	0.006637
CASE	991015183	32	nn	0.015698	0.007559	17.937500	0.003552
CASE	991015233	80	bb	0.038871	0.040416	15.312500	0.002851
CASE	991015253	16	bb	0.008444	0.000000	10.875000	0.068080
CASE	991015263	25	nn	-0.033115	-0.033130	-16.187500	0.015559
CASE	991015493	81	nn	-0.041028	-0.049115	-12.562500	0.010315
CASE	991015653	69	nn	0.026046	0.035957	1.750000	0.009340
CASE	991015743	75	bb	0.009555	0.008646	4.812500	0.006903
CASE	991015803	46	nn	-0.002094	-0.006334	4.312500	0.002075
CASE	991015883	41	nn	0.045902	0.058122	7.500000	0.015946
CASE	991015893	52	nn	0.006864	0.007475	2.125000	0.015264
CASE	991016063	51	mixed	0.002649	0.014387	-8.687500	0.020741
CASE	991016153	56	nn	-0.021339	-0.028109	-3.687500	0.006941
CASE	991016183	86	nn	-0.014533	-0.017347	-4.062500	0.004571
CASE	991016383	27	nn	0.003966	0.003648	3.125000	0.000237
CASE	991016433	72	nn	0.024941	0.027611	10.375000	0.003782
CASE	991016463	21	nn	0.000343	0.000000	-0.812500	0.000944
CASE	991016583	53	nn	-0.004512	-0.002265	-4.187500	0.006636
CASE	991016683	70	nn	-0.044126	-0.055446	-8.375000	0.017267
CASE	991016853	68	nn	-0.049767	-0.055972	-18.062500	0.020302
CASE	991017043	86	bb	-0.004976	-0.005177	-1.937500	0.011326
CASE	991017063	18	nn	-0.140910	-0.187500	-21.250000	0.089669
CASE	991017183	53	nn	-0.053370	-0.062431	-14.375000	0.010983
CASE	991017193	62	nn	-0.023939	-0.020211	-11.875000	0.030489
CASE	991017343	41	bb	-0.000092	-0.000136	0.000000	0.000006
CASE	991017513	38	bb	0.005773	0.005707	1.875000	0.001294
CASE	991017573	10	nn	0.015879	0.000000	23.312500	0.000443
CASE	991017593	33	nn	-0.008879	-0.011418	-1.125000	0.015207
CASE	991017603	44	nn	-0.013741	-0.007508	-17.250000	0.001340
CASE	991017633	71	nn	-0.040657	-0.045077	-12.875000	0.007757
CASE	991017693	48	nn	-0.058988	-0.079242	-7.625000	0.015201
CASE	991017813	80	nn	-0.043572	-0.048950	-13.625000	0.013928
CASE	991017833	16	nn	0.095476	0.125000	16.687500	0.063209
CASE	991018033	41	nn	0.029547	0.035534	7.562500	0.010461
CASE	991018113	38	nn	-0.014993	-0.015790	-6.312500	0.004525
CASE	991018333	86	bb	0.025169	0.024291	12.687500	0.016731
CASE	991018393	59	bb	-0.026226	-0.025585	-12.000000	0.019032
CASE	991018493	73	bb	-0.007757	-0.006046	-5.937500	0.000197
CASE	991018533	26	nn	0.026430	0.025483	12.187500	0.050364
CASE	991018733	56	nn	-0.008146	-0.007806	-4.250000	0.000780
CASE	991018783	17	nn	-0.247272	-0.312500	-50.625000	0.123377
CASE	991018833	69	nn	0.013455	0.022081	-1.500000	0.013963
CASE	991018893	40	bb	0.004911	0.007179	0.187500	0.009231
CASE	991018963	25	nn	-0.014824	-0.003242	-21.687500	0.001403
CASE	991018993	58	nn	-0.006463	-0.007145	-2.437500	0.003894
CASE	991019013	78	bb	-0.057418	-0.062083	-21.812500	0.012925
CASE	991019193	86	nn	-0.093580	-0.102961	-30.937500	0.017209
CASE	991019243	47	nn	-0.024881	-0.026953	-12.312500	0.013466
CASE	991019273	77	nn	-0.028983	-0.029012	-13.187500	0.017243
CASE	991019313	32	nn	0.049520	0.063334	9.625000	0.008723
CASE	991019343	58	nn	-0.037439	-0.044966	-9.250000	0.031438
CASE	991019353	74	nn	-0.008328	-0.010459	-1.187500	0.019628
CASE	991019363	81	bb	-0.018192	-0.026193	-0.562500	0.013900
CASE	991019493	40	bb	-0.004798	-0.006118	-1.187500	0.009278
CASE	991019513	62	nn	-0.004638	-0.009134	1.687500	0.012151
CASE	991019523	71	nn	0.018392	0.018650	7.312500	0.015409
CASE	991019533	79	nn	-0.006882	-0.005598	-3.875000	0.014271
CASE	991019603	63	bb	-0.018444	-0.020572	-7.125000	0.029838
CASE	991019633	10	nn	-0.048739	-0.062500	-5.625000	0.034411
CASE	991019723	14	mixed	-0.000193	0.000000	-6.937500	0.001094
CASE	991019733	23	nn	0.002910	0.009075	-4.125000	0.002976
CASE	991019763	51	nn	-0.026057	-0.035244	-2.125000	0.022326
CASE	991019823	26	nn	0.003167	0.001952	4.062500	0.000827
CASE	991019903	21	nn	0.005622	0.000000	6.687500	0.198725
CASE	991020043	74	nn	-0.007443	-0.008077	-2.687500	0.008293
CASE	991020063	10	nn	-0.007562	0.000000	-17.062500	0.000668
CASE	991020213	72	nn	-0.033185	-0.042024	-6.437500	0.011910
CASE	991020413	11	nn	-0.004470	0.000000	-18.625000	0.000062
CASE	991020463	66	mixed	-0.017516	-0.022687	-3.187500	0.022616
CASE	991020483	86	nn	-0.002469	-0.008621	4.500000	0.013246
CASE	991020553	64	mixed	0.011743	0.019298	-2.500000	0.022469
CASE	991020603	30	nn	0.004274	-0.002214	7.125000	0.018603
CASE	991020643	73	nn	-0.011066	-0.010005	-5.437500	0.008555
CASE	991020653	84	nn	0.032011	0.036060	10.437500	0.013688
CASE	991020823	82	nn	-0.045903	-0.049225	-18.312500	0.016860
CASE	991020883	51	nn	-0.065658	-0.081899	-13.625000	0.023402
CASE	991020893	63	nn	0.037568	0.043224	11.187500	0.016148
CASE	991020903	71	nn	-0.008827	-0.008462	-8.812500	0.005467
CASE	991020953	39	nn	-0.006453	-0.008362	-1.062500	0.000646
CASE	991020963	46	nn	-0.027526	-0.036238	-4.687500	0.015065
CASE	991021053	53	nn	-0.001678	0.000592	-3.312500	0.032826
CASE	991021153	66	mixed	-0.021114	-0.023476	-7.000000	0.060028
CASE	991021183	12	nn	0.035601	0.062500	-10.000000	0.104482
CASE	991021333	75	bb	-0.010853	-0.014317	-1.625000	0.006773
CASE	991021343	86	nn	-0.005480	-0.005688	-2.187500	0.015147
CASE	991021373	29	bb	-0.000898	-0.005098	3.562500	0.000396
CASE	991021413	69	nn	0.017045	0.021080	4.437500	0.010827
CASE	991021583	65	nn	0.029293	0.032679	9.750000	0.005779
CASE	991021653	52	nn	0.007328	0.009205	-0.125000	0.021358
CASE	991021673	70	nn	-0.006423	-0.006019	-2.250000	0.013791
CASE	991021683	82	nn	-0.012432	-0.009111	-7.437500	0.012606
CASE	991021703	16	bb	-0.002220	0.000000	-4.625000	0.000124
CASE	991021773	86	nn	-0.009335	-0.009865	-3.437500	0.006397
CASE	991021833	59	nn	-0.039278	-0.050123	-7.250000	0.006011
CASE	991021993	46	bb	-0.022584	-0.022739	-9.687500	0.008654
CASE	991022083	51	nn	-0.040272	-0.037200	-30.500000	0.003363
CASE	991022093	61	nn	0.013477	0.017111	2.562500	0.020606
CASE	991022133	13	nn	-0.019349	0.000000	-27.625000	0.067840
CASE	991022163	44	nn	0.037135	0.044217	10.625000	0.008967
CASE	991022193	74	nn	-0.024944	-0.027698	-8.062500	0.010186
CASE	991022203	86	nn	0.021527	0.025274	5.687500	0.012815
CASE	991022233	27	bb	-0.019655	-0.021995	-6.125000	0.005817
CASE	991022333	40	nn	0.008817	0.005478	8.875000	0.001725
CASE	991022503	42	nn	0.018762	0.024302	3.312500	0.031827
CASE	991022523	62	nn	0.005836	0.003997	4.625000	0.012842
CASE	991022633	86	nn	0.000053	-0.000583	0.000000	0.006948
CASE	991022693	59	nn	-0.007015	-0.006458	-3.750000	0.019059
CASE	991022783	63	bb	-0.012052	-0.007489	-9.062500	0.002204
CASE	991022853	48	nn	0.029997	0.033629	10.625000	0.004534
CASE	991022863	57	bb	0.017537	0.024033	1.500000	0.007503
CASE	991022883	75	mixed	-0.006472	0.004721	-11.625000	0.011364
CASE	991022913	21	bb	-0.001043	0.000000	-0.062500	0.000736
CASE	991022953	62	nn	0.010420	0.010935	4.687500	0.004485
CASE	991023063	86	nn	0.006354	0.006578	2.312500	0.004942
CASE	991023103	38	nn	-0.040418	-0.046691	-12.312500	0.003087
CASE	991023143	79	nn	-0.011755	-0.013362	-4.125000	0.020657
CASE	991023233	81	nn	0.033560	0.036679	11.875000	0.015193
CASE	991023283	42	nn	0.009845	0.012892	1.562500	0.012008
CASE	991023363	40	nn	-0.021093	-0.021525	-9.875000	0.011823
CASE	991023493	86	nn	0.002603	-0.002932	5.437500	0.014085
CASE	991023503	6	nn	-0.006253	0.000000	-8.187500	0.053272
CASE	991023663	81	nn	0.010178	0.010154	4.437500	0.008345
CASE	991023673	8	nn	0.004199	0.000000	7.500000	0.000439
CASE	991023793	41	nn	-0.055566	-0.072088	-8.812500	0.017995
CASE	991023833	81	nn	0.020434	0.023973	6.500000	0.005101
CASE	991023993	65	nn	0.019225	0.016424	11.187500	0.022095
CASE	991024073	59	nn	0.002534	-0.001504	6.312500	0.004040
CASE	991024353	86	nn	-0.024665	-0.032242	-4.500000	0.006422
CASE	991024363	10	bb	0.111723	0.156250	9.375000	0.190729
CASE	991024393	36	nn	-0.074502	-0.088754	-20.000000	0.019360
CASE	991024503	64	nn	-0.024939	-0.027352	-9.312500	0.003094
CASE	991024513	72	bb	-0.054424	-0.062624	-18.687500	0.008516
CASE	991024583	57	nn	0.012716	0.013590	5.437500	0.004246
CASE	991024693	78	nn	-0.016203	-0.013584	-9.312500	0.012013
CASE	991024713	14	nn	-0.047024	-0.062500	-9.750000	0.101435
CASE	991024763	66	nn	0.047818	0.052701	16.812500	0.002728
CASE	991024783	86	nn	-0.039956	-0.054106	-4.812500	0.013671
CASE	991024803	20	nn	-0.058126	-0.062500	-24.250000	0.039732
CASE	991025023	67	nn	-0.022090	-0.030375	-2.125000	0.020487
CASE	991025153	25	nn	-0.000456	-0.000091	-0.875000	0.000095
CASE	991025283	69	nn	0.057693	0.057972	24.250000	0.014509
CASE	991025313	12	nn	-0.044285	-0.062500	-0.437500	0.037210
CASE	991025553	82	nn	-0.007533	-0.014802	3.750000	0.004725
CASE	991025613	52	nn	-0.002068	-0.001412	-1.500000	0.006023
CASE	991025643	86	bb	-0.020872	-0.019636	-9.562500	0.004015
CASE	991025673	27	nn	-0.011208	-0.014116	-1.937500	0.041054
CASE	991025683	39	nn	-0.019181	-0.021655	-5.875000	0.009871
CASE	991025853	38	nn	0.035640	0.048623	3.125000	0.019473
CASE	991025873	57	nn	-0.018281	-0.023271	-3.312500	0.010659
CASE	991025983	81	nn	-0.027700	-0.040510	-0.687500	0.012511
CASE	991026053	64	nn	-0.010114	-0.008356	-5.375000	0.011483
CASE	991026183	23	nn	0.007670	0.000452	9.250000	0.008477
CASE	991026303	54	nn	-0.035614	-0.046183	-4.625000	0.013783
CASE	991026403	70	nn	0.020691	0.024278	5.687500	0.023291
CASE	991026463	45	nn	-0.018237	-0.022719	-3.750000	0.016438
CASE	991026503	86	nn	0.003358	0.006925	-1.750000	0.009444
CASE	991026583	80	bb	-0.002900	-0.005350	0.437500	0.008057
CASE	991026903	53	nn	-0.058828	-0.065210	-23.937500	0.012931
CASE	991027003	68	nn	-0.020703	-0.027955	-3.125000	0.009856
CASE	991027043	24	nn	-0.063523	-0.082202	-10.875000	0.023805
CASE	991027093	73	nn	-0.011505	-0.013287	-3.375000	0.008316
CASE	991027103	84	nn	-0.000209	0.009653	-8.500000	0.013443
CASE	991027153	48	bb	-0.026974	-0.027475	-10.687500	0.008376
CASE	991027163	57	nn	-0.018625	-0.016226	-10.500000	0.007571
CASE	991027183	75	bb	-0.011423	-0.018184	4.375000	0.002214
CASE	991027243	52	nn	-0.040249	-0.047426	-11.437500	0.018604
CASE	991027333	53	nn	0.068422	0.076947	21.125000	0.009869
CASE	991027513	62	bb	-0.017055	-0.020450	-4.312500	0.004280
CASE	991027523	71	nn	-0.016738	-0.013126	-10.500000	0.005037
CASE	991027613	76	nn	-0.013824	-0.019022	0.812500	0.016121
CASE	991027623	1	nn	-0.000785	0.000000	-0.125000	0.000071
CASE	991027693	72	nn	0.027260	0.029939	9.125000	0.015231
CASE	991027763	56	nn	-0.013708	-0.017795	-2.000000	0.008112
CASE	991028003	36	bb	-0.000431	-0.000352	-0.250000	0.000003
CASE	991028013	45	nn	-0.010984	-0.012234	-2.937500	0.046855
CASE	991028033	65	nn	-0.001769	-0.002946	0.500000	0.014922
CASE	991028093	40	nn	-0.012916	-0.012976	-5.187500	0.002217
CASE	991028103	50	bb	0.001812	0.001317	1.125000	0.002840
CASE	991028183	44	nn	0.007853	-0.001126	15.750000	0.003810
CASE	991028243	18	nn	-0.043875	-0.062500	0.812500	0.155848
CASE	991028273	47	bb	-0.011201	-0.006720	-9.750000	0.013764
CASE	991028293	68	nn	0.004641	0.006679	5.000000	0.000868
CASE	991028343	34	nn	0.020650	0.023157	6.750000	0.009408
CASE	991028383	74	nn	-0.056691	-0.070103	-12.625000	0.015684
CASE	991028473	78	mixed	0.025530	0.037782	-0.375000	0.026579
CASE	991028543	62	nn	0.006895	0.008440	1.937500	0.005291
CASE	991028563	79	nn	-0.054950	-0.062067	-19.437500	0.007088
CASE	991028633	66	nn	-0.025080	-0.026725	-10.000000	0.017898
CASE	991028653	86	nn	-0.020892	-0.023418	-6.750000	0.013065
CASE	991028683	26	nn	0.028713	0.036275	6.875000	0.004794
CASE	991028803	61	bb	0.011260	0.017008	-0.187500	0.005693
CASE	991028833	6	nn	-0.001431	0.000000	-2.187500	0.197882
CASE	991028853	24	nn	-0.042267	-0.040439	-22.812500	0.008795
CASE	991028963	48	nn	-0.059887	-0.066238	-19.187500	0.003461
CASE	991028993	79	nn	-0.055014	-0.062034	-20.250000	0.005514
CASE	991029263	4	nn	0.000103	0.000000	0.125000	0.000000
CASE	991029303	48	nn	-0.018988	-0.024943	-0.250000	0.012618
CASE	991029333	76	nn	0.070905	0.084295	18.687500	0.020375
CASE	991029373	31	nn	-0.048338	-0.058414	-11.750000	0.012145
CASE	991029393	50	nn	0.000538	-0.005081	4.500000	0.007279
CASE	991029513	86	nn	-0.077040	-0.089785	-21.375000	0.008346
CASE	991029533	20	nn	0.032865	0.062500	-13.500000	0.035402
CASE	991029563	49	nn	0.032321	0.033372	15.812500	0.011160
CASE	991029603	4	bb	-0.001467	0.000000	-2.125000	0.000014
CASE	991029613	11	nn	-0.000463	0.000000	1.000000	0.000180
CASE	991029643	41	nn	0.061554	0.072034	18.562500	0.019643
CASE	991029653	54	nn	0.019684	0.021979	6.187500	0.003150
CASE	991029683	79	nn	0.038880	0.041835	15.562500	0.006727
CASE	991029733	48	nn	-0.003935	-0.012707	9.000000	0.029044
CASE	991029763	75	bb	-0.026142	-0.025989	-12.375000	0.006150
CASE	991029823	50	nn	-0.007738	-0.012831	0.187500	0.013472
CASE	991029833	61	nn	0.041152	0.045331	19.875000	0.007951
CASE	991029903	45	nn	-0.019059	-0.022381	-4.812500	0.009680
CASE	991029923	64	nn	-0.028290	-0.033672	-7.375000	0.011682
CASE	991029933	70	nn	-0.004691	-0.005780	-1.875000	0.003599
CASE	991029943	86	nn	-0.018227	-0.020979	-5.937500	0.014087
CASE	991030163	46	bb	-0.020155	-0.020477	-9.687500	0.003901
CASE	991030253	52	nn	-0.014905	-0.006529	-12.562500	0.021491
CASE	991030323	36	nn	0.008157	0.010337	0.750000	0.012334
CASE	991030363	75	nn	-0.020557	-0.028757	-3.437500	0.012724
CASE	991030423	45	bb	0.000345	0.000393	0.125000	0.000002
CASE	991030523	64	nn	0.008780	0.008629	3.750000	0.005272
CASE	991030533	74	bb	-0.012153	-0.018581	0.187500	0.009096
CASE	991030673	40	nn	-0.024443	-0.025052	-10.500000	0.018160
CASE	991030773	55	nn	0.026540	0.026359	13.875000	0.019803
CASE	991030803	86	bb	-0.011253	-0.011861	-4.562500	0.005717
CASE	991031023	45	bb	-0.004893	-0.004070	-2.625000	0.003997
CASE	991031203	52	nn	-0.017762	-0.011574	-14.062500	0.014318
CASE	991031213	65	nn	0.039728	0.043375	14.062500	0.017959
CASE	991031233	86	nn	-0.014246	-0.010078	-9.375000	0.006510
CASE	991031313	79	nn	-0.016559	-0.023221	-1.437500	0.006959
CASE	991031633	55	mixed	-0.042467	-0.034454	-25.437500	0.014860
CASE	991031663	86	nn	0.004881	0.007561	1.500000	0.018468
CASE	991031703	40	nn	-0.002753	-0.000096	-12.250000	0.000060
CASE	991031743	80	nn	-0.015520	-0.018746	-3.625000	0.014019
CASE	991031813	59	nn	-0.028134	-0.032945	-7.562500	0.007493
CASE	991031963	42	nn	-0.002214	-0.001329	-2.625000	0.000520
CASE	991032003	81	nn	-0.036327	-0.041950	-11.187500	0.017972
CASE	991032033	24	nn	0.003500	0.002651	3.687500	0.000505
CASE	991032093	86	nn	-0.013299	-0.020492	0.375000	0.019751
CASE	991032163	64	nn	0.025247	0.034236	2.437500	0.013337
CASE	991032223	44	nn	0.001236	-0.000402	2.375000	0.001740
CASE	991032263	80	bb	0.010782	0.010670	4.562500	0.001738
CASE	991032353	2	nn	0.001341	0.000000	1.625000	0.000008
CASE	991032413	60	bb	-0.024107	-0.023101	-14.812500	0.002570
CASE	991032423	68	nn	-0.016424	-0.019979	-3.250000	0.009036
CASE	991032433	80	bb	-0.004582	-0.005605	-0.937500	0.007539
CASE	991032453	15	bb	-0.001355	0.000000	-1.375000	0.000161
CASE	991032523	86	nn	-0.004148	-0.002437	-3.625000	0.009117
CASE	991032593	70	nn	-0.004430	-0.007663	0.750000	0.021654
CASE	991032603	80	bb	-0.015643	-0.020413	-2.750000	0.003343
CASE	991032623	14	nn	0.057827	0.062500	21.625000	0.099235
CASE	991032663	50	nn	-0.056708	-0.062912	-18.500000	0.014283
CASE	991032673	58	nn	0.016036	0.013602	10.312500	0.005489
CASE	991032753	55	nn	0.007520	0.002931	6.875000	0.013003
CASE	991032793	11	nn	0.084284	0.125000	-0.812500	0.062890
CASE	991032823	39	bb	-0.001910	0.000701	-3.500000	0.000094
CASE	991032933	62	nn	-0.041404	-0.050220	-9.562500	0.011210
CASE	991032953	86	nn	-0.035789	-0.031756	-19.312500	0.008485
CASE	991033083	43	nn	0.005571	0.004586	4.500000	0.001025
CASE	991033203	77	nn	-0.007813	-0.012142	0.187500	0.012503
CASE	991033283	68	nn	-0.023832	-0.030580	-4.500000	0.006534
CASE	991033553	83	nn	-0.044227	-0.047562	-14.312500	0.024046
CASE	991033563	6	nn	0.001739	0.000000	3.312500	0.000193
CASE	991033593	36	nn	-0.052000	-0.065167	-11.000000	0.016910
CASE	991033713	70	nn	0.018527	0.019400	6.875000	0.004188
CASE	991033803	76	nn	0.023049	0.025098	8.187500	0.008575
CASE	991033813	86	nn	0.022447	0.025869	6.312500	0.017545
CASE	991033863	50	nn	0.001220	0.000789	2.562500	0.007258
CASE	991033943	39	bb	0.026901	0.031494	7.750000	0.009559
CASE	991033963	59	bb	-0.003543	-0.000101	-8.000000	0.003683
CASE	991033983	84	nn	0.008694	0.007906	4.312500	0.008690
CASE	991034093	21	nn	0.058267	0.062500	22.687500	0.034971
CASE	991034203	40	nn	0.004917	0.007934	-0.375000	0.004487
CASE	991034323	77	nn	0.008233	0.015904	-3.375000	0.015835
CASE	991034383	53	nn	-0.032474	-0.036017	-10.312500	0.009912
CASE	991034413	82	nn	0.048649	0.055056	14.375000	0.007638
CASE	991034453	38	nn	0.005580	0.008420	0.125000	0.000794
CASE	991034463	45	nn	0.001512	0.003155	-0.937500	0.008686
CASE	991034493	77	nn	-0.038350	-0.041839	-12.812500	0.013784
CASE	991034553	50	bb	0.000132	0.000222	-0.062500	0.000003
CASE	991034673	86	nn	0.001184	0.004192	-2.125000	0.005672
CASE	991034723	48	nn	0.010546	0.012290	4.562500	0.004755
CASE	991034733	60	nn	0.010574	0.010825	5.000000	0.013830
CASE	991034833	73	nn	0.016572	0.024564	1.375000	0.014537
CASE	991034873	28	nn	0.035029	0.050594	-2.187500	0.023039
CASE	991034923	77	nn	-0.059764	-0.064607	-21.250000	0.022497
CASE	991034943	11	nn	0.002455	0.000000	3.250000	0.000193
CASE	991034993	61	bb	-0.026842	-0.029608	-9.125000	0.011631
CASE	991035243	54	nn	-0.009789	-0.014411	0.125000	0.024708
CASE	991035413	52	nn	-0.029596	-0.029442	-12.312500	0.006345
CASE	991035443	81	bb	0.004263	0.008022	-1.187500	0.009949
CASE	991035523	75	nn	0.021118	0.031510	0.250000	0.022198
CASE	991035633	12	nn	0.143014	0.187500	23.625000	0.079498
CASE	991035763	56	nn	-0.004536	-0.008305	2.187500	0.008070
CASE	991035843	51	nn	-0.053017	-0.058639	-17.125000	0.014838
CASE	991035873	81	nn	-0.082906	-0.094045	-26.812500	0.013967
CASE	991035893	16	nn	-0.186149	-0.250000	-25.437500	0.236410
CASE	991035953	76	nn	-0.003330	-0.000394	-4.875000	0.019802
CASE	991035963	86	nn	-0.003446	-0.003007	-2.062500	0.003878
CASE	991036083	31	nn	-0.042985	-0.051815	-10.437500	0.022434
CASE	991036123	73	nn	-0.013744	-0.017696	-0.250000	0.015872
CASE	991036133	80	nn	0.022872	0.025838	7.437500	0.012301
CASE	991036253	31	bb	-0.005514	-0.006498	-1.437500	0.006396
CASE	991036273	48	bb	-0.010357	-0.015481	0.125000	0.006245
CASE	991036293	72	nn	0.016664	0.023702	1.125000	0.008784
CASE	991036533	51	nn	-0.002839	-0.003740	-0.437500	0.000270
CASE	991036623	57	nn	0.005449	0.006681	1.687500	0.007765
CASE	991036643	77	nn	-0.027260	-0.030178	-8.687500	0.019548
CASE	991036703	50	nn	0.013897	0.016945	3.125000	0.008259
CASE	991036713	61	nn	0.003545	0.011906	-5.375000	0.013567
CASE	991036723	72	bb	0.000000	0.000000	0.000000	0.000000
CASE	991036783	44	nn	0.027291	0.032706	7.000000	0.002786
CASE	991036863	39	nn	-0.031874	-0.037836	-9.187500	0.032654
CASE	991037143	59	nn	-0.067648	-0.076022	-21.437500	0.016424
CASE	991037213	45	bb	0.006897	0.003144	5.125000	0.009657
CASE	991037273	19	nn	0.040252	0.062500	-2.375000	0.102940
CASE	991037333	75	nn	-0.019409	-0.018351	-8.625000	0.012675
CASE	991037383	39	bb	-0.010743	-0.013987	-1.562500	0.005975
CASE	991037393	48	bb	0.093357	0.112234	23.125000	0.012845
CASE	991037553	39	nn	0.016877	0.018534	5.500000	0.009249
CASE	991037593	81	nn	0.023538	0.026909	7.812500	0.007628
CASE	991037633	34	nn	-0.016094	-0.010572	-17.500000	0.000937
CASE	991037683	86	bb	0.028820	0.030437	11.062500	0.003345
CASE	991037813	42	nn	-0.031807	-0.043051	-3.812500	0.011927
CASE	991037843	69	nn	-0.036347	-0.040429	-11.312500	0.022290
CASE	991037933	74	bb	0.040055	0.049259	9.187500	0.004830
CASE	991038073	46	bb	0.020312	0.022867	5.937500	0.003709
CASE	991038113	86	nn	-0.009028	-0.011290	-1.687500	0.015943
CASE	991038223	18	nn	-0.010983	0.000000	-15.000000	0.069115
CASE	991038243	41	nn	-0.007747	-0.005052	-8.937500	0.000631
CASE	991038263	63	nn	0.028157	0.029977	15.187500	0.010917
CASE	991038283	81	bb	0.019228	0.023954	3.937500	0.003450
CASE	991038543	86	nn	0.018824	0.021966	5.062500	0.010725
CASE	991038643	14	nn	0.095157	0.125000	16.250000	0.063344
CASE	991038663	34	nn	-0.045587	-0.053276	-11.937500	0.010478
CASE	991038713	81	bb	0.067261	0.076018	20.312500	0.015199
CASE	991038743	26	nn	0.029065	0.041713	1.500000	0.004899
CASE	991038753	36	nn	-0.008810	-0.012158	1.062500	0.003884
CASE	991038763	46	nn	0.002133	0.002052	1.750000	0.035462
CASE	991038793	74	nn	0.011403	0.018092	-0.687500	0.012191
CASE	991038973	86	nn	-0.029323	-0.036928	-6.625000	0.013188
CASE	991039173	24	nn	-0.011529	-0.007446	-9.750000	0.001037
CASE	991039213	67	nn	-0.028173	-0.031532	-9.375000	0.014974
CASE	991039313	80	nn	-0.009506	-0.018013	4.312500	0.016943
CASE	991039403	86	nn	-0.019534	-0.027196	-2.187500	0.003662
CASE	991039473	69	bb	-0.007924	-0.007917	-3.187500	0.018391
CASE	991039483	80	nn	0.036965	0.045521	9.000000	0.011776
CASE	991039573	84	nn	-0.005273	-0.007381	-0.750000	0.008107
CASE	991039723	62	nn	0.008795	0.009711	2.875000	0.006350
CASE	991039773	24	bb	-0.025919	-0.027180	-9.625000	0.003441
CASE	991039883	47	nn	-0.000797	0.003784	-5.875000	0.002801
CASE	991039893	55	nn	-0.040129	-0.044989	-12.937500	0.010949
CASE	991039953	34	nn	-0.053949	-0.066731	-11.687500	0.020150
POS	3927	570
