CASE	991009347	39	nn	0.008692	0.009483	3.437500	0.011660
CASE	991010407	72	bb	-0.027843	-0.030318	-11.000000	0.007971
CASE	991014177	57	nn	-0.003379	-0.004157	-1.375000	0.009848
CASE	991014427	50	nn	-0.021453	-0.023420	-6.562500	0.014344
CASE	991022437	62	nn	0.009191	0.009540	4.562500	0.008199
CASE	991024637	25	nn	-0.060690	-0.069529	-18.687500	0.026732
CASE	991026407	70	nn	-0.014560	-0.016452	-4.250000	0.003288
CASE	991030577	28	nn	0.006217	0.004326	6.000000	0.001021
CASE	991035067	49	bb	0.010411	0.013150	1.312500	0.006341
CASE	991035407	45	nn	0.001832	0.002452	-1.562500	0.004239
CASE	991039597	21	nn	-0.032441	-0.062500	17.625000	0.033354
POS	3923	11
