CASE	991004092	32	nn	-0.034167	-0.040699	-8.500000	0.019862
CASE	991009862	40	nn	-0.011583	-0.015054	-1.687500	0.008464
CASE	991010752	70	nn	0.033718	0.041345	8.625000	0.013221
CASE	991012252	23	nn	0.018159	0.020598	5.562500	0.002043
CASE	991013472	41	nn	-0.015033	-0.017809	-3.937500	0.002363
CASE	991016132	30	nn	-0.000097	0.000168	-0.312500	0.000002
CASE	991024592	66	nn	-0.057021	-0.069541	-13.875000	0.006994
CASE	991027422	58	nn	-0.006859	-0.009047	-1.062500	0.000292
CASE	991039422	19	nn	0.082804	0.125000	-1.250000	0.202974
POS	3899	9
