CASE	991004439	38	bb	-0.020868	-0.021126	-8.250000	0.013335
CASE	991012259	32	nn	0.013604	0.013952	5.937500	0.000945
CASE	991012269	39	nn	0.014970	0.019468	2.750000	0.015977
CASE	991013029	27	nn	-0.019003	-0.024882	-3.062500	0.017162
CASE	991020059	5	nn	-0.000480	0.000000	-0.625000	0.000081
CASE	991022569	16	nn	-0.147766	-0.187500	-29.937500	0.087547
CASE	991024149	52	nn	-0.021583	-0.025491	-5.625000	0.011704
CASE	991030569	22	nn	-0.081985	-0.100923	-18.000000	0.012150
CASE	991034539	35	nn	0.036447	0.039988	15.500000	0.007511
CASE	991034739	66	nn	-0.075821	-0.086307	-23.562500	0.008427
CASE	991036349	37	nn	-0.023190	-0.030194	-4.750000	0.017841
POS	3919	11
