CASE	991003323	40	nn	0.004176	0.002210	4.812500	0.000453
CASE	991008033	19	nn	-0.002026	0.000000	-6.437500	0.000688
CASE	991009353	48	nn	0.033989	0.032935	15.437500	0.012404
CASE	991015023	43	nn	-0.002610	-0.002732	-1.000000	0.008099
CASE	991018963	25	nn	-0.014824	-0.003242	-21.687500	0.001403
CASE	991019353	74	nn	-0.008299	-0.010419	-2.250000	0.042267
CASE	991022773	54	nn	0.001431	-0.003287	7.500000	0.005315
CASE	991023533	35	nn	-0.025133	-0.029138	-7.000000	0.018671
CASE	991031073	7	nn	-0.043803	-0.062500	-2.500000	0.176812
POS	3927	9
