CASE	991000651	31	nn	0.048945	0.061795	9.875000	0.020866
CASE	991002671	74	nn	0.030256	0.031599	11.875000	0.012363
CASE	991006161	36	nn	0.016589	0.012073	10.875000	0.008653
CASE	991007241	2	nn	-0.000503	0.000000	-0.625000	0.000156
CASE	991007271	32	nn	-0.010394	-0.015602	2.125000	0.002664
CASE	991008541	12	nn	-0.036573	-0.062500	7.125000	0.104909
CASE	991008681	64	nn	-0.036205	-0.038814	-13.937500	0.006038
CASE	991010871	16	nn	-0.009282	0.000000	-13.437500	0.074768
CASE	991011231	34	nn	-0.010216	-0.014026	4.625000	0.003802
CASE	991013711	22	nn	0.027370	0.024194	14.562500	0.024550
CASE	991013811	35	nn	0.026460	0.026929	11.437500	0.008635
CASE	991014071	37	nn	-0.010713	-0.013520	-2.062500	0.002492
CASE	991015981	56	bb	0.038537	0.041752	14.437500	0.069508
CASE	991016041	25	bb	0.031638	0.041213	5.437500	0.007579
CASE	991016131	31	nn	-0.027688	-0.035314	-4.937500	0.004166
CASE	991016411	56	nn	-0.024504	-0.022516	-13.937500	0.007259
CASE	991017531	58	nn	0.002083	0.000910	2.750000	0.002815
CASE	991017801	66	nn	0.011916	0.014275	2.750000	0.008874
CASE	991018431	8	nn	-0.041457	-0.062500	-0.250000	0.030268
CASE	991019401	35	bb	-0.000450	0.000681	-0.937500	0.019222
CASE	991019501	49	nn	0.007147	0.004582	6.312500	0.000849
CASE	991019601	64	nn	0.086964	0.086652	40.875000	0.015615
CASE	991020081	28	nn	-0.006729	-0.001682	-6.937500	0.011459
CASE	991020091	35	nn	-0.027613	-0.029968	-12.812500	0.007785
CASE	991020931	14	nn	0.143597	0.187500	24.062500	0.086085
CASE	991021241	65	nn	-0.019068	-0.023338	-5.625000	0.004473
CASE	991023191	40	nn	0.060266	0.073869	14.312500	0.033364
CASE	991023461	52	nn	-0.019086	-0.025312	-2.187500	0.012036
CASE	991023511	14	nn	-0.001332	0.000000	-0.125000	0.001383
CASE	991023901	63	nn	0.007612	0.008951	1.250000	0.002016
CASE	991024031	19	nn	0.030798	0.031250	14.375000	0.048292
CASE	991024221	40	nn	0.028628	0.035127	5.375000	0.019415
CASE	991025791	60	nn	-0.036840	-0.042771	-10.875000	0.030185
CASE	991027071	51	nn	-0.006516	-0.002206	-5.625000	0.011882
CASE	991027331	50	nn	0.019069	0.027025	1.187500	0.011845
CASE	991027561	26	nn	0.018731	0.026124	1.437500	0.016086
CASE	991027911	29	nn	0.020374	0.021216	9.250000	0.006349
CASE	991028441	46	nn	0.011651	0.012271	4.187500	0.002507
CASE	991029651	49	nn	-0.035634	-0.036291	-13.875000	0.006227
CASE	991030521	56	nn	0.020309	0.019653	11.187500	0.000883
CASE	991030651	20	nn	0.149853	0.187500	38.562500	0.098522
CASE	991031481	75	nn	-0.001048	-0.000164	-1.062500	0.003375
CASE	991031521	28	bb	-0.002219	-0.000683	-3.250000	0.000135
CASE	991031891	54	bb	0.027432	0.035742	5.437500	0.011728
CASE	991033011	52	nn	-0.007927	-0.003096	-17.000000	0.000212
CASE	991033091	47	nn	0.032232	0.041069	6.625000	0.010271
CASE	991034031	42	nn	-0.014683	-0.011972	-8.375000	0.004469
CASE	991034481	64	bb	-0.010626	-0.015848	0.000000	0.012500
CASE	991035251	59	nn	0.027645	0.025150	20.500000	0.002537
CASE	991036361	54	nn	0.021464	0.024672	6.500000	0.006516
CASE	991036441	47	nn	-0.011052	-0.009488	-6.375000	0.005697
CASE	991036581	14	bb	-0.003708	0.000000	-6.937500	0.000220
CASE	991037071	73	nn	-0.019852	-0.026839	-2.437500	0.007488
CASE	991037401	61	nn	-0.061898	-0.077445	-14.375000	0.012781
CASE	991037441	13	nn	-0.091464	-0.125000	-10.187500	0.214375
CASE	991038071	43	nn	0.006063	0.002125	7.562500	0.002271
CASE	991038181	65	nn	-0.081283	-0.097836	-20.062500	0.028714
CASE	991039071	11	nn	0.005591	0.000000	8.875000	0.137486
CASE	991039091	31	nn	-0.000408	-0.003852	3.000000	0.025150
POS	3932	59
