CASE	991000049	34	nn	0.001448	-0.001224	8.437500	0.001472
CASE	991001199	64	nn	0.007419	0.009321	1.375000	0.003085
CASE	991001499	21	nn	0.053746	0.062500	18.125000	0.029902
CASE	991002699	17	nn	-0.035697	-0.062500	10.250000	0.034164
CASE	991002999	55	nn	0.022142	0.029521	2.812500	0.006893
CASE	991003399	24	nn	-0.005564	-0.000166	-11.375000	0.000405
CASE	991003439	67	bb	0.014262	0.018060	2.250000	0.008361
CASE	991003949	62	bb	-0.001738	-0.002368	0.812500	0.018996
CASE	991004439	38	bb	-0.020868	-0.021126	-8.250000	0.013335
CASE	991004539	51	nn	0.004975	0.006609	1.437500	0.002462
CASE	991004799	53	nn	0.038977	0.038637	17.312500	0.031663
CASE	991006609	54	nn	-0.006904	-0.001854	-9.000000	0.011641
CASE	991006659	18	nn	-0.006552	0.000000	-26.375000	0.000276
CASE	991006749	25	nn	0.015001	0.018850	2.562500	0.012460
CASE	991007479	68	nn	-0.039870	-0.043951	-14.125000	0.018230
CASE	991007519	19	nn	-0.135578	-0.187500	-13.062500	0.230187
CASE	991007869	24	nn	-0.000524	-0.003089	4.125000	0.001132
CASE	991009439	48	nn	0.001707	-0.001344	3.812500	0.005970
CASE	991009779	45	nn	0.033532	0.041161	7.562500	0.022191
CASE	991010429	6	nn	0.062316	0.093750	0.125000	0.078661
CASE	991010549	41	nn	0.005586	0.007140	1.562500	0.009353
CASE	991012259	32	nn	0.013604	0.013952	5.937500	0.000945
CASE	991012269	39	nn	0.014970	0.019468	2.750000	0.015977
CASE	991013029	27	nn	-0.019003	-0.024882	-3.062500	0.017162
CASE	991017809	74	nn	0.007256	0.007063	4.437500	0.008836
CASE	991018189	26	nn	-0.016050	-0.021814	-1.812500	0.007919
CASE	991018599	3	nn	0.007256	0.000000	9.625000	0.000106
CASE	991018989	50	nn	-0.001580	-0.005099	0.937500	0.009363
CASE	991019469	17	nn	0.047324	0.062500	7.375000	0.032113
CASE	991020059	5	nn	-0.000480	0.000000	-0.625000	0.000081
CASE	991020599	24	nn	0.025890	0.032962	5.000000	0.015145
CASE	991022249	44	nn	-0.012493	-0.007436	-16.125000	0.002569
CASE	991022509	45	nn	-0.080034	-0.093524	-21.562500	0.016749
CASE	991022569	16	nn	-0.147766	-0.187500	-29.937500	0.087547
CASE	991023039	60	nn	-0.035229	-0.042629	-9.062500	0.007315
CASE	991024149	52	nn	-0.021583	-0.025491	-5.625000	0.011704
CASE	991024189	6	nn	0.048977	0.062500	9.437500	0.099394
CASE	991024249	66	nn	0.018132	0.022207	3.187500	0.009020
CASE	991024509	70	nn	-0.068570	-0.083200	-17.437500	0.020268
CASE	991026319	71	bb	0.001128	-0.000039	2.125000	0.010278
CASE	991029279	22	nn	-0.000486	-0.001292	1.000000	0.000327
CASE	991030569	22	nn	-0.081985	-0.100923	-18.000000	0.012150
CASE	991030689	56	nn	-0.011675	-0.013576	-3.437500	0.012964
CASE	991031999	75	nn	0.012230	0.012148	6.437500	0.005344
CASE	991032039	32	nn	0.009643	0.008674	7.562500	0.002430
CASE	991032139	41	nn	0.009799	0.012391	1.875000	0.005698
CASE	991032369	17	nn	-0.185486	-0.250000	-20.687500	0.105319
CASE	991032379	23	nn	-0.033195	-0.034914	-12.375000	0.019428
CASE	991033949	45	nn	0.071756	0.087118	16.937500	0.014803
CASE	991034539	35	nn	0.036447	0.039988	15.500000	0.007511
CASE	991034639	49	nn	0.039428	0.049825	7.000000	0.017400
CASE	991034699	20	nn	-0.002143	0.000000	-4.125000	0.070236
CASE	991034739	66	nn	-0.075821	-0.086307	-23.562500	0.008427
CASE	991035049	32	nn	0.007665	0.000979	10.750000	0.006655
CASE	991035459	9	nn	0.012183	0.000000	18.000000	0.000978
CASE	991035809	17	nn	0.033874	0.062500	-12.125000	0.099238
CASE	991035919	39	nn	-0.041412	-0.046674	-13.937500	0.012224
CASE	991036349	37	nn	-0.023190	-0.030194	-4.750000	0.017841
CASE	991037649	51	nn	0.024493	0.028071	7.937500	0.002772
POS	3919	59
