CASE	991000080	65	bb	-0.010681	-0.013015	-1.750000	0.011402
CASE	991000120	18	nn	0.085848	0.125000	3.937500	0.147902
CASE	991000340	66	nn	0.002962	0.002980	0.812500	0.024301
CASE	991001060	13	nn	0.086873	0.125000	4.437500	0.060294
CASE	991001170	35	nn	0.004179	0.003640	2.500000	0.000847
CASE	991001610	45	nn	-0.080362	-0.099654	-18.187500	0.017487
CASE	991001970	61	nn	0.033570	0.034579	16.250000	0.003963
CASE	991002190	23	nn	0.043516	0.057254	6.625000	0.016627
CASE	991004110	49	nn	0.007756	0.010901	0.937500	0.020079
CASE	991004120	59	nn	0.028308	0.038080	4.062500	0.009724
CASE	991004500	9	nn	0.028999	0.031250	10.500000	0.044557
CASE	991004670	6	nn	0.003230	0.000000	9.125000	0.000039
CASE	991005880	16	nn	0.056303	0.062500	19.500000	0.107782
CASE	991006520	55	nn	-0.055584	-0.066416	-14.562500	0.009647
CASE	991007740	66	nn	-0.024567	-0.031251	-2.437500	0.013628
CASE	991007810	50	nn	0.027033	0.032367	7.125000	0.020044
CASE	991008290	19	nn	0.096303	0.125000	17.500000	0.061882
CASE	991009450	61	bb	-0.061704	-0.070629	-17.125000	0.012723
CASE	991010220	57	nn	0.000584	0.001785	-0.750000	0.006298
CASE	991011790	75	nn	0.013475	0.015110	3.062500	0.006438
CASE	991012290	60	nn	0.008781	0.010306	4.000000	0.002520
CASE	991012870	38	nn	0.011089	0.010669	6.000000	0.003545
CASE	991013250	76	nn	-0.013132	-0.021333	0.625000	0.004010
CASE	991013390	40	nn	-0.046922	-0.052837	-14.875000	0.028257
CASE	991013580	60	nn	-0.000353	0.004377	-4.562500	0.015258
CASE	991013650	47	nn	-0.018308	-0.018136	-11.000000	0.002473
CASE	991013990	42	nn	0.028405	0.034339	6.875000	0.006591
CASE	991014950	54	nn	-0.019685	-0.024406	-4.375000	0.011393
CASE	991016260	73	nn	0.002211	0.005939	-1.750000	0.011148
CASE	991016450	9	nn	0.007725	0.000000	8.625000	0.134313
CASE	991019350	66	nn	0.056760	0.068599	13.500000	0.015881
CASE	991019870	72	nn	-0.022719	-0.023422	-9.125000	0.009685
CASE	991019890	7	nn	-0.081775	-0.125000	2.250000	0.065540
CASE	991020450	50	nn	0.013047	0.011073	7.375000	0.010700
CASE	991021190	17	nn	0.063675	0.062500	30.875000	0.249783
CASE	991021200	29	bb	-0.004588	-0.002862	-3.750000	0.003070
CASE	991021390	47	nn	-0.007041	-0.007540	-2.312500	0.005738
CASE	991021910	47	nn	-0.044262	-0.048644	-15.812500	0.011090
CASE	991023090	26	nn	-0.029699	-0.032262	-12.875000	0.011989
CASE	991023290	55	nn	0.010121	0.013717	1.000000	0.009907
CASE	991024230	47	nn	0.002921	0.006205	-1.625000	0.001383
CASE	991025510	36	nn	-0.018434	-0.022652	-5.625000	0.006650
CASE	991026250	3	nn	0.058829	0.062500	22.750000	0.241841
CASE	991026310	65	nn	-0.023663	-0.033661	-2.062500	0.013662
CASE	991027240	49	nn	0.000882	0.001790	0.312500	0.003258
CASE	991027670	46	nn	0.011357	0.016093	0.562500	0.015560
CASE	991028030	62	nn	0.031582	0.043210	4.125000	0.012773
CASE	991028360	48	nn	0.003595	0.001545	7.937500	0.000100
CASE	991029990	43	nn	0.003361	0.002006	2.437500	0.017290
CASE	991034290	45	nn	0.010542	0.016722	-0.875000	0.008830
CASE	991035400	35	nn	-0.036677	-0.046737	-7.562500	0.014108
CASE	991035480	33	nn	-0.000240	-0.002340	3.375000	0.006819
CASE	991036350	41	nn	-0.016643	-0.016124	-10.500000	0.002516
CASE	991036530	50	nn	0.001025	-0.000785	7.937500	0.000256
CASE	991036720	68	nn	-0.010295	-0.012773	-2.937500	0.013741
CASE	991037920	63	nn	-0.011614	-0.014458	-2.250000	0.014167
CASE	991038050	22	bb	0.006044	0.011123	-1.937500	0.009666
CASE	991038420	45	nn	-0.020998	-0.023651	-7.312500	0.013269
CASE	991039300	67	nn	0.003579	-0.001924	6.187500	0.003389
CASE	991039550	56	nn	0.046248	0.054756	13.000000	0.010021
POS	3905	60
