CASE	991000038	21	nn	-0.013737	0.000000	-32.437500	0.000780
CASE	991000678	58	bb	-0.025255	-0.034362	-3.187500	0.004859
CASE	991000818	24	nn	-0.007147	0.001065	-11.500000	0.039038
CASE	991000898	23	nn	-0.015990	-0.018958	-4.062500	0.006884
CASE	991001258	35	nn	-0.006970	-0.007867	-0.750000	0.019053
CASE	991001488	10	nn	0.023535	0.031250	6.125000	0.081467
CASE	991002228	63	nn	0.083073	0.095467	23.937500	0.016528
CASE	991002638	38	nn	-0.001678	0.000526	-3.437500	0.000404
CASE	991003088	63	bb	0.021498	0.025291	5.437500	0.005257
CASE	991004418	13	nn	0.011297	0.000000	15.750000	0.000624
CASE	991004758	9	nn	-0.011755	0.000000	-20.375000	0.000586
CASE	991004778	28	nn	-0.000011	-0.003367	5.437500	0.000889
CASE	991005728	32	nn	0.016454	0.023254	1.187500	0.019265
CASE	991007438	27	bb	0.002248	-0.002185	6.250000	0.000820
CASE	991007768	11	nn	-0.007823	0.000000	-10.625000	0.000665
CASE	991008348	75	nn	-0.031529	-0.035347	-10.125000	0.007259
CASE	991009008	49	nn	-0.014094	-0.011289	-8.187500	0.031707
CASE	991009998	7	nn	0.000000	0.000000	0.000000	0.000000
CASE	991010148	69	nn	-0.009711	-0.015402	0.375000	0.009393
CASE	991010278	29	nn	-0.006718	-0.019822	7.687500	0.025271
CASE	991011378	7	nn	-0.003707	0.000000	-12.625000	0.000109
CASE	991011388	16	nn	-0.136049	-0.187500	-13.062500	0.084420
CASE	991012188	45	nn	-0.004547	-0.005550	-0.500000	0.000671
CASE	991013528	10	nn	-0.047188	-0.062500	-6.937500	0.033797
CASE	991014438	59	nn	-0.017932	-0.020614	-5.062500	0.016739
CASE	991014528	62	nn	-0.079892	-0.094837	-22.250000	0.008957
CASE	991014678	43	bb	0.010943	0.006562	11.375000	0.002271
CASE	991015048	63	nn	-0.030299	-0.038430	-5.437500	0.009449
CASE	991016288	18	nn	-0.002854	0.000000	-9.000000	0.001494
CASE	991016668	52	nn	0.011391	0.003005	17.750000	0.005192
CASE	991017138	6	nn	0.008899	0.000000	14.562500	0.000318
CASE	991018198	34	nn	0.003560	0.007707	-2.125000	0.018288
CASE	991019698	75	nn	0.002391	0.002608	2.687500	0.003839
CASE	991020598	29	nn	-0.012423	-0.016159	-2.500000	0.037852
CASE	991022048	11	nn	-0.073372	-0.125000	13.062500	0.127030
CASE	991022148	29	nn	0.013975	0.007663	11.625000	0.007643
CASE	991022358	65	nn	-0.057849	-0.068633	-16.375000	0.016642
CASE	991022588	39	nn	-0.046775	-0.052859	-14.250000	0.011561
CASE	991022818	12	nn	0.005095	0.000000	10.000000	0.001117
CASE	991023728	61	nn	-0.041302	-0.051031	-8.625000	0.013810
CASE	991024308	41	nn	-0.018493	-0.015512	-10.812500	0.041405
CASE	991024338	71	bb	0.023413	0.026696	7.000000	0.008401
CASE	991024658	41	nn	0.006797	0.011350	-3.437500	0.005878
CASE	991024778	76	nn	-0.000086	-0.001967	2.562500	0.006996
CASE	991025678	34	nn	-0.059776	-0.067034	-22.187500	0.004866
CASE	991027258	64	nn	0.022591	0.024889	7.125000	0.013956
CASE	991027328	45	bb	-0.024864	-0.029352	-6.812500	0.004629
CASE	991028728	74	nn	0.001833	0.000054	1.000000	0.006317
CASE	991029638	37	nn	0.002875	0.000388	8.000000	0.000643
CASE	991029838	63	nn	0.012272	0.014490	3.250000	0.006040
CASE	991031418	13	nn	-0.139500	-0.187500	-19.062500	0.245925
CASE	991032458	19	nn	0.001398	0.000000	4.437500	0.001064
CASE	991032938	65	nn	-0.013946	-0.023340	4.375000	0.015935
CASE	991033268	53	nn	-0.006619	-0.006487	-4.312500	0.001669
CASE	991034958	26	nn	0.027795	0.036607	5.250000	0.007291
CASE	991035338	60	nn	0.045772	0.043686	22.750000	0.002882
CASE	991037298	42	nn	0.006688	0.007782	1.500000	0.011736
CASE	991037388	48	nn	-0.009052	-0.010691	-2.187500	0.018953
CASE	991037518	5	bb	0.000236	0.000000	-0.687500	0.000116
CASE	991038018	72	nn	-0.032806	-0.036619	-10.625000	0.009271
CASE	991038488	30	mixed	0.016460	0.036713	-9.687500	0.028689
CASE	991038658	25	nn	0.027816	0.031737	9.437500	0.002420
CASE	991039358	41	nn	-0.022421	-0.022529	-11.312500	0.020168
POS	3895	63
