CASE	991000065	48	nn	0.025831	0.019511	21.125000	0.009963
CASE	991000175	70	nn	0.073272	0.082868	24.250000	0.020085
CASE	991001805	66	nn	0.004788	0.007720	-0.125000	0.012486
CASE	991003515	58	nn	0.004528	0.002073	5.750000	0.000527
CASE	991004515	26	nn	-0.041582	-0.061868	-0.312500	0.030793
CASE	991005785	3	nn	0.003021	0.000000	3.875000	0.000114
CASE	991006265	57	nn	-0.015970	-0.016079	-7.500000	0.012720
CASE	991007525	25	nn	-0.004439	-0.009204	2.750000	0.016836
CASE	991008645	30	nn	0.036783	0.038308	15.000000	0.007090
CASE	991009015	52	nn	-0.013741	-0.015514	-5.312500	0.012857
CASE	991009345	36	nn	-0.031509	-0.042887	-3.812500	0.005906
CASE	991009405	16	nn	0.061699	0.062500	27.312500	0.033994
CASE	991011495	40	nn	-0.000212	-0.004283	2.687500	0.031431
CASE	991011565	25	nn	-0.002369	0.000666	-6.437500	0.000213
CASE	991011935	50	nn	-0.027869	-0.030836	-10.375000	0.008930
CASE	991013305	44	nn	-0.010604	-0.012813	-3.062500	0.006881
CASE	991013585	65	nn	0.016606	0.018176	7.125000	0.003846
CASE	991014305	9	nn	-0.000185	0.000000	-0.937500	0.000788
CASE	991014775	54	nn	-0.001826	-0.003793	0.812500	0.004982
CASE	991016035	21	nn	-0.001503	0.000000	-3.687500	0.072749
CASE	991016805	14	nn	0.008589	0.000000	12.562500	0.001131
CASE	991019345	65	nn	-0.001460	-0.003524	1.375000	0.011365
CASE	991019775	64	nn	-0.011591	-0.012654	-4.187500	0.013646
CASE	991019895	11	nn	-0.118559	-0.156250	-18.687500	0.156886
CASE	991019995	26	nn	-0.013930	-0.015202	-4.875000	0.025497
CASE	991020115	59	nn	-0.089731	-0.105618	-26.187500	0.009732
CASE	991020155	13	nn	0.055865	0.062500	18.687500	0.039758
CASE	991022145	27	nn	-0.047619	-0.058806	-10.687500	0.022233
CASE	991022205	2	nn	0.010407	0.000000	14.875000	0.000227
CASE	991022555	4	nn	-0.050805	-0.062500	-13.562500	0.036106
CASE	991022785	63	nn	0.000570	-0.004077	6.500000	0.005220
CASE	991022925	33	nn	-0.003081	-0.007982	2.500000	0.013098
CASE	991023035	57	nn	-0.055066	-0.063915	-13.000000	0.014162
CASE	991023105	38	nn	0.020424	0.021516	7.625000	0.020158
CASE	991023875	36	nn	-0.006755	0.000608	-8.812500	0.017485
CASE	991024935	66	nn	-0.017773	-0.020351	-4.625000	0.004753
CASE	991026615	25	nn	-0.023972	-0.027157	-8.500000	0.003511
CASE	991027125	15	nn	0.016140	0.000000	29.312500	0.000725
CASE	991027145	37	nn	0.075076	0.097655	12.062500	0.012106
CASE	991027665	43	nn	-0.021133	-0.017166	-13.312500	0.008794
CASE	991027725	18	nn	-0.095629	-0.125000	-16.187500	0.066304
CASE	991027765	58	nn	-0.040930	-0.039257	-18.187500	0.015210
CASE	991028515	29	nn	-0.001234	-0.000163	-3.750000	0.000017
CASE	991028885	58	nn	0.038067	0.039284	16.750000	0.018197
CASE	991028895	69	nn	-0.004589	-0.007253	0.500000	0.017797
CASE	991029535	19	nn	0.003638	0.000000	16.562500	0.000390
CASE	991030445	69	nn	-0.005552	-0.004588	-3.187500	0.006206
CASE	991031495	2	nn	0.001408	0.000000	1.750000	0.000010
CASE	991032325	60	nn	-0.007823	-0.005901	-5.437500	0.008885
CASE	991033405	21	bb	0.014788	0.000000	19.812500	0.279357
CASE	991033455	66	nn	0.030517	0.036083	8.375000	0.017972
CASE	991033715	74	nn	0.004208	-0.003742	9.062500	0.002856
CASE	991034225	67	nn	-0.020445	-0.021953	-7.375000	0.005330
CASE	991034605	16	nn	0.013417	0.000000	18.250000	0.000697
CASE	991034725	52	nn	-0.054928	-0.061490	-17.687500	0.027282
CASE	991035075	54	nn	0.028985	0.033792	8.375000	0.006407
CASE	991035935	57	nn	0.003117	0.003952	0.562500	0.000425
CASE	991037275	21	nn	-0.006808	0.000000	-10.562500	0.000949
CASE	991037965	24	nn	0.005587	0.002993	4.750000	0.005014
CASE	991037985	42	nn	-0.012600	-0.015781	-2.562500	0.002486
CASE	991038245	43	nn	-0.006350	-0.002263	-7.062500	0.002626
CASE	991038785	70	nn	0.005539	0.002760	6.562500	0.010842
POS	3929	62
