CASE	991001223	4	nn	-0.120413	-0.187500	5.625000	0.076658
CASE	991002113	33	nn	0.033839	0.043974	5.937500	0.018972
CASE	991003123	12	nn	-0.095832	-0.125000	-16.312500	0.268144
CASE	991003323	40	nn	0.004176	0.002210	4.812500	0.000453
CASE	991003383	14	nn	-0.002854	0.000000	-5.437500	0.000935
CASE	991003653	24	nn	-0.013012	-0.005159	-13.937500	0.000795
CASE	991003913	28	nn	-0.004787	-0.008396	0.875000	0.001247
CASE	991004253	22	bb	-0.016565	-0.022102	-2.312500	0.005243
CASE	991004353	36	nn	-0.053850	-0.060008	-17.312500	0.025159
CASE	991005143	51	nn	-0.005781	-0.003441	-4.562500	0.014524
CASE	991005183	5	nn	-0.049647	-0.062500	-11.062500	0.035764
CASE	991005193	17	nn	-0.064769	-0.093750	-1.500000	0.074658
CASE	991005573	54	nn	0.007104	0.005743	4.062500	0.010914
CASE	991006163	40	nn	-0.027543	-0.024103	-18.812500	0.001971
CASE	991007453	40	nn	-0.020514	-0.020976	-8.125000	0.005385
CASE	991008033	19	nn	-0.002026	0.000000	-6.437500	0.000688
CASE	991008653	38	nn	0.011087	0.006276	12.937500	0.007593
CASE	991008683	67	nn	-0.022436	-0.023691	-9.125000	0.008092
CASE	991008853	63	nn	-0.003730	0.004650	-9.062500	0.019263
CASE	991009263	43	bb	-0.015593	-0.021994	-1.250000	0.007016
CASE	991009353	48	nn	0.033989	0.032935	15.437500	0.012404
CASE	991009603	39	nn	0.014822	0.016112	5.625000	0.021201
CASE	991009743	10	nn	0.016906	0.000000	37.500000	0.001129
CASE	991010063	70	nn	-0.021230	-0.020111	-10.437500	0.017770
CASE	991012343	28	nn	-0.022607	-0.035791	3.312500	0.019615
CASE	991012773	28	nn	-0.004668	-0.000514	-11.437500	0.000307
CASE	991012963	46	nn	0.022601	0.029952	3.125000	0.011956
CASE	991015023	43	nn	-0.002610	-0.002732	-1.000000	0.008099
CASE	991015263	25	nn	-0.033115	-0.033130	-16.187500	0.015559
CASE	991016683	70	nn	-0.044126	-0.055446	-8.375000	0.017267
CASE	991017183	53	nn	-0.048648	-0.053729	-15.437500	0.016574
CASE	991017953	44	nn	0.006040	0.003653	6.500000	0.004179
CASE	991018533	26	nn	0.066894	0.078663	17.500000	0.023373
CASE	991018963	25	nn	-0.014824	-0.003242	-21.687500	0.001403
CASE	991019353	74	nn	-0.008299	-0.010419	-2.250000	0.042267
CASE	991019733	23	nn	0.002184	0.002287	0.875000	0.003184
CASE	991020603	30	nn	0.004274	-0.002214	7.125000	0.018603
CASE	991021413	69	nn	0.007600	0.010686	0.312500	0.012888
CASE	991021503	74	nn	-0.027043	-0.028525	-10.250000	0.011210
CASE	991022773	54	nn	0.001431	-0.003287	7.500000	0.005315
CASE	991023083	20	nn	-0.095713	-0.125000	-14.625000	0.137909
CASE	991023533	35	nn	-0.025133	-0.029138	-7.000000	0.018671
CASE	991024043	34	nn	-0.008281	-0.002076	-15.187500	0.001180
CASE	991024583	57	nn	0.012716	0.013590	5.437500	0.004246
CASE	991024723	25	nn	-0.014566	-0.011617	-8.500000	0.010599
CASE	991024763	66	nn	0.047818	0.052701	16.812500	0.002728
CASE	991025853	38	nn	0.035640	0.048623	3.125000	0.019473
CASE	991026463	45	nn	-0.018237	-0.022719	-3.750000	0.016438
CASE	991027413	47	mixed	0.064000	0.065253	25.687500	0.014688
CASE	991027623	1	nn	-0.000785	0.000000	-0.125000	0.000071
CASE	991028633	66	nn	-0.001324	0.001613	-3.500000	0.014624
CASE	991028683	26	nn	0.028713	0.036275	6.875000	0.004794
CASE	991028963	48	nn	-0.059887	-0.066238	-19.187500	0.003461
CASE	991029263	4	nn	0.000103	0.000000	0.125000	0.000000
CASE	991029733	48	nn	-0.003935	-0.012707	9.000000	0.029044
CASE	991029763	75	bb	-0.026142	-0.025989	-12.375000	0.006150
CASE	991029783	8	nn	0.000449	0.000000	6.750000	0.000914
CASE	991030253	52	nn	-0.014905	-0.006529	-12.562500	0.021491
CASE	991030323	36	nn	0.008157	0.010337	0.750000	0.012334
CASE	991031073	7	nn	-0.043803	-0.062500	-2.500000	0.176812
CASE	991031783	30	nn	-0.042157	-0.053452	-8.500000	0.005723
CASE	991032323	58	nn	-0.045120	-0.053594	-11.937500	0.023237
CASE	991032543	20	nn	0.039715	0.062500	-3.750000	0.034051
CASE	991032593	70	nn	-0.004430	-0.007663	0.750000	0.021654
CASE	991032933	62	nn	-0.041404	-0.050220	-9.562500	0.011210
CASE	991033453	66	nn	0.008925	0.012356	0.625000	0.012692
CASE	991033863	50	nn	0.001220	0.000789	2.562500	0.007258
CASE	991034873	28	nn	0.039022	0.048531	9.062500	0.027030
CASE	991035163	59	bb	-0.001046	-0.000271	-1.187500	0.013815
CASE	991035303	26	nn	0.013386	0.018085	1.562500	0.005645
CASE	991035323	42	nn	-0.007651	-0.003370	-12.062500	0.001911
CASE	991036093	39	nn	0.008121	0.016695	-9.062500	0.004641
CASE	991036623	57	nn	0.005449	0.006681	1.687500	0.007765
CASE	991036633	62	bb	0.002970	0.001078	3.750000	0.002079
CASE	991037333	75	nn	-0.019409	-0.018351	-8.625000	0.012675
CASE	991037793	24	nn	0.044485	0.042638	26.375000	0.019159
CASE	991038983	8	nn	-0.042115	-0.062500	-0.625000	0.027890
POS	3927	77
