CASE	991001402	8	nn	0.008683	0.000000	17.375000	0.000521
CASE	991001752	15	nn	-0.005806	0.000000	-10.125000	0.000178
CASE	991002282	28	nn	-0.054953	-0.064186	-15.375000	0.012189
CASE	991002802	32	bb	0.005466	0.006940	0.750000	0.007563
CASE	991003922	37	nn	-0.075782	-0.085712	-24.625000	0.020077
CASE	991004092	32	nn	-0.034167	-0.040699	-8.500000	0.019862
CASE	991004902	71	nn	0.028347	0.030544	10.562500	0.014900
CASE	991005832	54	nn	-0.032415	-0.036102	-13.937500	0.010673
CASE	991005892	25	nn	0.014311	0.008477	13.062500	0.002052
CASE	991006072	35	nn	-0.038160	-0.040544	-13.812500	0.022805
CASE	991006342	45	nn	-0.006136	-0.010209	0.562500	0.020035
CASE	991006512	42	nn	-0.006510	-0.004542	-5.000000	0.017008
CASE	991006772	49	nn	0.048884	0.053537	17.500000	0.020147
CASE	991008372	11	nn	0.007441	0.000000	8.625000	0.145238
CASE	991009292	75	bb	-0.010095	-0.010916	-3.812500	0.005032
CASE	991009752	17	nn	0.036485	0.062500	-9.312500	0.038525
CASE	991009862	40	nn	-0.011583	-0.015054	-1.687500	0.008464
CASE	991009922	16	nn	0.081126	0.125000	-6.625000	0.069545
CASE	991010202	36	nn	0.005967	0.008084	1.375000	0.007749
CASE	991010472	51	nn	-0.012507	-0.011946	-5.937500	0.018152
CASE	991010752	70	nn	0.033718	0.041345	8.625000	0.013221
CASE	991011332	50	nn	-0.000753	-0.000005	-1.500000	0.004677
CASE	991011412	43	nn	0.045447	0.052698	15.125000	0.013948
CASE	991011872	74	nn	-0.003789	-0.009463	5.250000	0.008612
CASE	991011922	36	nn	0.001015	0.000398	1.562500	0.001739
CASE	991012172	29	nn	0.004004	0.005737	1.000000	0.022219
CASE	991012252	23	nn	0.018159	0.020598	5.562500	0.002043
CASE	991013472	41	nn	-0.015033	-0.017809	-3.937500	0.002363
CASE	991013762	67	nn	0.022038	0.028027	4.250000	0.010530
CASE	991014112	74	nn	0.017065	0.021418	3.812500	0.003216
CASE	991014482	16	nn	-0.000450	0.000000	0.000000	0.000093
CASE	991014672	35	nn	0.013118	0.015829	2.937500	0.003101
CASE	991015222	67	bb	-0.004528	-0.005395	-1.750000	0.015936
CASE	991015652	65	nn	-0.029542	-0.029828	-14.812500	0.001321
CASE	991015792	38	bb	0.069321	0.090176	10.375000	0.030020
CASE	991015812	57	nn	0.022834	0.028595	5.500000	0.004213
CASE	991016132	30	nn	-0.000097	0.000168	-0.312500	0.000002
CASE	991016222	35	nn	0.006528	0.010452	-1.250000	0.008582
CASE	991016932	57	nn	0.028038	0.028042	11.250000	0.009051
CASE	991016962	4	nn	0.004425	0.000000	5.250000	0.000310
CASE	991017082	36	nn	0.013080	0.020405	-0.875000	0.003425
CASE	991017412	24	nn	-0.046418	-0.064373	-3.625000	0.041455
CASE	991018312	64	nn	-0.027105	-0.031060	-9.125000	0.008774
CASE	991019712	2	nn	0.001564	0.000000	2.187500	0.000158
CASE	991021142	54	nn	0.021854	0.027069	4.937500	0.027232
CASE	991021292	33	nn	0.041256	0.040950	25.000000	0.008901
CASE	991021462	31	nn	-0.014857	-0.012311	-12.062500	0.002440
CASE	991021502	68	nn	0.011956	0.016314	1.687500	0.004642
CASE	991022382	7	nn	0.044053	0.062500	3.625000	0.032817
CASE	991024252	71	nn	-0.007851	-0.010842	-1.500000	0.013213
CASE	991024592	66	nn	-0.057021	-0.069541	-13.875000	0.006994
CASE	991024672	55	nn	0.000447	-0.003178	2.875000	0.013940
CASE	991027112	7	nn	-0.027057	-0.062500	23.125000	0.031482
CASE	991027422	58	nn	-0.006859	-0.009047	-1.062500	0.000292
CASE	991028422	27	nn	0.039508	0.045421	11.687500	0.044459
CASE	991028542	60	nn	0.007358	0.007906	2.250000	0.007694
CASE	991029492	60	nn	-0.013053	-0.016315	-3.000000	0.040633
CASE	991030092	62	nn	-0.040676	-0.046796	-11.375000	0.014604
CASE	991031192	42	nn	-0.005455	-0.007861	-0.250000	0.019835
CASE	991031472	66	nn	-0.005356	-0.005958	0.187500	0.008897
CASE	991031532	38	nn	0.012138	0.009590	8.500000	0.017846
CASE	991032502	65	nn	0.012993	0.017711	1.125000	0.024216
CASE	991032752	55	nn	0.047895	0.058896	9.000000	0.014803
CASE	991037952	8	nn	0.006788	0.000000	17.375000	0.000196
CASE	991038002	58	nn	0.040579	0.045801	11.937500	0.016245
CASE	991038272	73	nn	0.030945	0.033569	11.000000	0.019900
CASE	991038602	57	nn	-0.052384	-0.063470	-12.187500	0.012546
CASE	991038672	42	nn	0.002819	-0.001194	4.875000	0.004201
CASE	991039152	3	nn	0.000846	0.000000	1.062500	0.000104
CASE	991039272	40	nn	0.077974	0.090704	21.437500	0.014429
CASE	991039422	19	nn	0.082804	0.125000	-1.250000	0.202974
POS	3899	71
