CASE	991002134	54	nn	-0.004553	-0.002249	-2.312500	0.009888
CASE	991002294	40	nn	0.000457	0.001166	-0.437500	0.002990
CASE	991003094	67	nn	-0.033995	-0.039690	-8.750000	0.017052
CASE	991004684	20	mixed	0.097596	0.125000	17.687500	0.192485
CASE	991004704	45	nn	0.005687	0.006127	3.062500	0.004442
CASE	991005974	23	nn	-0.007164	-0.007076	-3.375000	0.007575
CASE	991007724	54	nn	0.012974	0.019525	0.062500	0.007912
CASE	991008144	44	nn	-0.049306	-0.064672	-7.625000	0.021796
CASE	991008224	33	bb	-0.010247	-0.016078	6.062500	0.004694
CASE	991009014	54	nn	-0.051133	-0.060704	-13.812500	0.020945
CASE	991011174	61	bb	0.014173	0.015097	5.500000	0.003254
CASE	991012834	5	nn	-0.180456	-0.250000	-17.000000	0.101535
CASE	991012944	29	nn	0.026285	0.035000	3.062500	0.027775
CASE	991013044	41	nn	0.026158	0.031682	6.375000	0.009209
CASE	991013144	56	nn	0.002999	0.001800	2.312500	0.002260
CASE	991013224	49	nn	-0.011398	-0.015435	-1.062500	0.006601
CASE	991013914	52	nn	-0.016300	-0.020155	-3.687500	0.011634
CASE	991014084	49	nn	0.021191	0.025925	5.125000	0.014964
CASE	991015464	53	nn	0.003862	0.001131	7.500000	0.007551
CASE	991016244	59	nn	-0.047787	-0.059363	-10.062500	0.009134
CASE	991017134	2	nn	0.014592	0.000000	18.062500	0.000049
CASE	991017364	62	nn	0.001663	0.000735	1.437500	0.001184
CASE	991018134	53	nn	-0.008057	-0.009212	-3.812500	0.004041
CASE	991018394	61	nn	-0.040524	-0.050387	-8.875000	0.011059
CASE	991020124	65	nn	-0.025058	-0.032438	-6.437500	0.014312
CASE	991021784	8	bb	-0.004012	0.000000	-7.000000	0.000139
CASE	991025854	38	nn	-0.019310	-0.025326	-3.062500	0.016935
CASE	991026964	28	mixed	0.015361	0.014467	7.625000	0.020268
CASE	991027064	45	nn	-0.039003	-0.045673	-10.937500	0.016105
CASE	991027774	65	nn	0.011153	0.014548	1.500000	0.010512
CASE	991027864	67	nn	-0.020840	-0.023445	-5.625000	0.011827
CASE	991030574	25	nn	0.078583	0.092906	25.375000	0.016504
CASE	991030814	11	nn	-0.091470	-0.125000	-9.625000	0.061419
CASE	991031544	53	nn	-0.006965	-0.013796	6.312500	0.006231
CASE	991031634	52	nn	-0.023340	-0.027970	-6.625000	0.016910
CASE	991031784	30	nn	-0.004583	-0.001508	-8.125000	0.000247
CASE	991031854	18	nn	-0.003836	0.000000	-8.437500	0.000096
CASE	991032294	23	nn	0.008971	0.011973	1.187500	0.001288
CASE	991032894	27	bb	0.023763	0.029915	4.812500	0.004512
CASE	991033264	53	nn	-0.014980	-0.018316	-4.125000	0.007451
CASE	991033534	62	bb	0.021948	0.027317	4.687500	0.006817
CASE	991033664	21	nn	0.000000	0.000000	0.000000	0.000000
CASE	991033874	60	bb	-0.037799	-0.042650	-11.750000	0.008612
CASE	991034034	45	nn	0.062802	0.073839	17.312500	0.006374
CASE	991034194	35	nn	-0.003040	-0.002308	-2.562500	0.031097
CASE	991034344	13	nn	-0.091294	-0.125000	-11.250000	0.124237
CASE	991035564	28	bb	0.015469	0.017799	4.687500	0.007792
CASE	991036074	22	nn	0.047675	0.064470	5.625000	0.033141
CASE	991036504	24	nn	-0.007419	0.000434	-15.687500	0.000469
CASE	991037924	67	nn	-0.019819	-0.021763	-6.937500	0.007823
CASE	991039384	66	nn	-0.032365	-0.031686	-15.000000	0.012915
CASE	991039784	34	bb	0.002900	0.000690	6.062500	0.001071
POS	3893	52
