CASE	991000856	65	nn	-0.022474	-0.026630	-6.312500	0.009085
CASE	991001166	30	mixed	-0.000678	0.014445	-13.562500	0.022635
CASE	991001486	9	nn	0.002315	0.000000	4.812500	0.000488
CASE	991003296	12	nn	0.048227	0.062500	8.125000	0.107356
CASE	991003886	1	nn	-0.006632	0.000000	-8.187500	0.000004
CASE	991004206	60	nn	0.029108	0.032336	9.375000	0.004536
CASE	991004846	15	nn	0.000583	0.000000	0.625000	0.000107
CASE	991005226	49	nn	0.042579	0.045829	15.562500	0.013449
CASE	991005306	45	nn	-0.008308	-0.005906	-6.750000	0.001654
CASE	991005316	53	nn	-0.018152	-0.014913	-13.687500	0.009410
CASE	991005696	4	nn	-0.001629	0.000000	-5.875000	0.000086
CASE	991006366	73	nn	-0.031297	-0.036122	-8.562500	0.038890
CASE	991007646	61	bb	0.036285	0.042886	10.125000	0.007944
CASE	991007916	72	nn	-0.011115	-0.013260	-3.062500	0.004156
CASE	991007976	45	nn	0.044381	0.047852	19.312500	0.006200
CASE	991008216	31	nn	-0.052345	-0.067219	-9.500000	0.023719
CASE	991009146	14	nn	-0.044680	-0.062500	-3.687500	0.032578
CASE	991010136	58	bb	0.000511	-0.001502	2.625000	0.000471
CASE	991010286	34	nn	-0.014697	-0.016368	-5.187500	0.012143
CASE	991010576	69	nn	0.028685	0.033111	8.625000	0.007738
CASE	991011526	72	nn	0.012946	0.014681	4.375000	0.001032
CASE	991013556	38	nn	-0.018601	-0.026361	-1.500000	0.006469
CASE	991015556	61	nn	0.007823	0.013581	-3.750000	0.005373
CASE	991015746	74	nn	0.009658	0.012220	2.812500	0.025297
CASE	991017406	19	nn	-0.047516	-0.062500	-9.437500	0.030050
CASE	991018396	59	nn	-0.078286	-0.094450	-21.125000	0.006999
CASE	991018706	28	nn	0.006283	0.006313	2.437500	0.001765
CASE	991020526	40	nn	-0.057888	-0.072582	-13.750000	0.017700
CASE	991023736	70	nn	0.006873	0.009026	1.000000	0.003578
CASE	991024186	5	nn	0.271058	0.375000	26.062500	0.133681
CASE	991024226	40	nn	0.007960	0.006272	4.687500	0.017132
CASE	991024636	23	nn	0.057063	0.066443	16.187500	0.008762
CASE	991024726	26	nn	-0.027127	-0.027340	-13.312500	0.004580
CASE	991024736	39	nn	0.050156	0.062419	10.250000	0.030525
CASE	991024926	54	nn	-0.012422	-0.010283	-10.562500	0.000705
CASE	991025006	47	nn	-0.047729	-0.060484	-8.750000	0.008456
CASE	991025086	42	nn	-0.007380	-0.010935	0.687500	0.009728
CASE	991026046	59	nn	0.021220	0.027887	3.187500	0.024149
CASE	991026566	62	nn	-0.027424	-0.028350	-10.437500	0.013268
CASE	991026596	5	nn	-0.000463	0.000000	-0.625000	0.000078
CASE	991026886	39	nn	-0.021492	-0.021704	-10.687500	0.002856
CASE	991028266	43	nn	0.000444	-0.000468	6.375000	0.000198
CASE	991028616	43	nn	-0.017195	-0.021622	-3.687500	0.012743
CASE	991030966	73	nn	0.003516	0.000702	3.375000	0.030000
CASE	991031006	28	nn	0.005330	0.004065	5.000000	0.014425
CASE	991032356	4	nn	-0.000182	0.000000	0.000000	0.000188
CASE	991033356	58	nn	-0.028126	-0.032800	-8.875000	0.041456
CASE	991033536	63	nn	-0.007667	-0.002813	-8.312500	0.039693
CASE	991033586	30	bb	-0.001643	-0.000075	-3.750000	0.000849
CASE	991034296	49	nn	0.031991	0.039864	6.500000	0.015266
CASE	991034386	53	nn	-0.006979	-0.013735	2.687500	0.008201
CASE	991034516	14	nn	0.005086	0.000000	11.125000	0.001033
CASE	991034796	35	bb	0.028403	0.032787	7.937500	0.013170
CASE	991035936	59	nn	-0.002273	-0.003543	-1.000000	0.008467
CASE	991036276	54	nn	0.001981	0.004880	-2.062500	0.016228
CASE	991036836	8	nn	-0.018331	-0.031250	3.312500	0.173156
CASE	991036946	33	nn	-0.016779	-0.021799	-3.250000	0.001326
CASE	991037826	55	bb	-0.007020	-0.009834	-0.875000	0.015946
CASE	991038176	63	nn	0.036718	0.042989	10.437500	0.019633
CASE	991038386	11	nn	0.293344	0.406250	27.625000	0.190653
CASE	991038576	32	nn	0.085642	0.094813	27.812500	0.031463
CASE	991039036	61	nn	-0.021847	-0.026737	-4.625000	0.013223
CASE	991039726	59	nn	-0.012150	-0.013719	-3.437500	0.001927
POS	3897	63
