CASE	991001007	43	nn	-0.056448	-0.068919	-12.812500	0.023190
CASE	991003177	66	nn	-0.045547	-0.056854	-9.750000	0.029223
CASE	991003697	68	nn	-0.037465	-0.044451	-9.937500	0.004282
CASE	991004167	22	nn	0.003635	0.000390	5.875000	0.000652
CASE	991004807	59	nn	0.043845	0.051066	12.125000	0.008399
CASE	991004937	19	nn	-0.008257	0.000000	-15.500000	0.000844
CASE	991004977	60	nn	-0.000129	-0.001768	1.562500	0.000756
CASE	991005107	17	nn	-0.051070	-0.062500	-12.375000	0.038547
CASE	991006947	49	nn	0.000032	-0.001099	2.062500	0.002198
CASE	991007767	8	nn	-0.208789	-0.281250	-26.250000	0.180952
CASE	991008577	43	nn	0.049995	0.064048	9.250000	0.031794
CASE	991009107	62	nn	0.002733	0.003461	2.437500	0.018657
CASE	991009347	39	nn	0.008692	0.009483	3.437500	0.011660
CASE	991009957	52	nn	0.047646	0.050777	17.000000	0.013898
CASE	991010177	13	bb	0.152704	0.187500	40.375000	0.077724
CASE	991010237	74	nn	0.046071	0.056428	11.437500	0.024841
CASE	991010407	72	bb	-0.033446	-0.038628	-11.125000	0.007231
CASE	991010607	12	bb	0.000905	0.000000	1.062500	0.000037
CASE	991011687	62	bb	0.015856	0.020046	2.937500	0.018231
CASE	991011937	53	nn	-0.011305	-0.011295	-8.125000	0.002776
CASE	991011947	60	nn	-0.026663	-0.034237	-3.437500	0.022804
CASE	991012437	38	nn	-0.009814	-0.006781	-6.437500	0.011800
CASE	991014177	57	nn	-0.003379	-0.004157	-1.375000	0.009848
CASE	991014227	19	nn	-0.000538	0.000000	-1.250000	0.001169
CASE	991014427	50	nn	-0.021453	-0.023420	-6.562500	0.014344
CASE	991014747	24	nn	-0.108287	-0.139210	-19.062500	0.059247
CASE	991014787	65	nn	-0.003213	0.005391	-14.375000	0.007621
CASE	991014867	54	bb	-0.016354	-0.018230	-8.437500	0.013263
CASE	991015087	21	nn	0.020648	0.031250	0.812500	0.011947
CASE	991016807	20	nn	-0.036112	-0.062500	6.562500	0.236150
CASE	991017427	37	nn	0.031172	0.030276	14.375000	0.002700
CASE	991018927	72	nn	0.006702	0.007156	2.500000	0.017134
CASE	991020687	30	nn	-0.016319	-0.022849	-1.312500	0.014074
CASE	991020787	44	nn	-0.041910	-0.059109	-1.812500	0.022212
CASE	991021187	16	nn	-0.005113	0.000000	-8.312500	0.069316
CASE	991021847	72	nn	-0.043109	-0.051405	-11.000000	0.021037
CASE	991022357	65	nn	-0.016470	-0.021549	-3.062500	0.005389
CASE	991022437	62	nn	0.009191	0.009540	4.562500	0.008199
CASE	991024637	25	nn	-0.060690	-0.069529	-18.687500	0.026732
CASE	991025517	46	bb	-0.035780	-0.047225	-5.500000	0.009439
CASE	991026277	28	nn	-0.094193	-0.108572	-27.250000	0.015677
CASE	991026407	70	nn	-0.014560	-0.016452	-4.250000	0.003288
CASE	991026547	44	nn	0.009025	0.006355	6.250000	0.013489
CASE	991029127	44	nn	-0.008428	-0.010675	-1.625000	0.012876
CASE	991030577	28	nn	0.006217	0.004326	6.000000	0.001021
CASE	991031347	23	nn	0.082878	0.113253	8.812500	0.020880
CASE	991033237	25	nn	-0.008827	-0.004782	-7.562500	0.005948
CASE	991033397	14	nn	0.000474	0.000000	1.250000	0.068685
CASE	991033567	10	nn	0.041656	0.062500	-0.625000	0.031827
CASE	991034197	39	nn	0.022916	0.023170	10.312500	0.010766
CASE	991035067	49	bb	0.010411	0.013150	1.312500	0.006341
CASE	991035407	45	nn	0.001832	0.002452	-1.562500	0.004239
CASE	991036317	10	nn	0.003068	0.000000	3.250000	0.070351
CASE	991038357	68	nn	-0.001302	0.002392	-3.687500	0.011162
CASE	991039037	60	nn	0.001951	0.007283	-3.187500	0.014815
CASE	991039597	21	nn	-0.032441	-0.062500	17.625000	0.033354
POS	3923	56
