CASE	990200164	32	nn	-0.028533	-0.031741	-10.875000	0.003118
CASE	990200314	9	nn	0.005526	0.000000	7.750000	0.000297
CASE	990200624	64	bb	-0.046524	-0.052994	-15.875000	0.007051
CASE	990200754	19	nn	-0.281801	-0.375000	-42.250000	0.153306
CASE	990201364	31	nn	-0.007384	-0.006942	-4.375000	0.001010
CASE	990201524	19	nn	0.017055	0.000000	25.625000	0.001161
CASE	990201654	60	nn	0.017564	0.017793	12.375000	0.004860
CASE	990201804	41	nn	-0.023454	-0.029134	-6.500000	0.010482
CASE	990201814	51	nn	-0.048950	-0.064154	-7.000000	0.010306
CASE	990202134	27	nn	0.011623	0.012461	5.375000	0.005873
CASE	990202494	43	nn	0.021177	0.028573	1.250000	0.007438
CASE	990202524	73	nn	-0.063512	-0.073939	-19.375000	0.026999
CASE	990202654	31	nn	-0.005866	-0.006036	-2.875000	0.000579
CASE	990202784	74	bb	-0.039793	-0.040255	-17.750000	0.006461
CASE	990202834	35	nn	-0.004378	-0.000769	-10.375000	0.000290
CASE	990203104	47	nn	-0.006477	-0.003546	-4.625000	0.003699
CASE	990203184	43	nn	-0.082340	-0.093293	-25.375000	0.014511
CASE	990203354	42	nn	-0.049948	-0.058613	-13.750000	0.013029
CASE	990203774	32	nn	0.008818	0.009580	3.250000	0.003056
CASE	990203934	21	nn	-0.120797	-0.125000	-49.000000	0.066665
CASE	990204044	40	nn	0.011170	0.011692	5.250000	0.001619
POS	486	21
