CASE	990200136	7	nn	0.005242	0.000000	17.875000	0.000149
CASE	990200256	39	nn	0.042763	0.053201	8.750000	0.022670
CASE	990200296	75	nn	0.021375	0.022427	12.625000	0.005222
CASE	990200936	29	nn	0.016551	0.022780	0.500000	0.018218
CASE	990201776	12	nn	-0.265287	-0.375000	-19.375000	0.281374
CASE	990202566	29	bb	-0.003476	-0.002374	-3.375000	0.000121
CASE	990202666	39	nn	-0.006026	-0.010967	2.250000	0.013222
CASE	990202926	43	bb	-0.011526	-0.010580	-5.375000	0.002652
CASE	990203086	32	nn	0.075146	0.098155	12.250000	0.065788
CASE	990203256	31	nn	-0.032595	-0.027192	-22.500000	0.023915
CASE	990203436	38	nn	-0.001570	0.002135	-8.250000	0.000760
CASE	990203496	12	nn	-0.086508	-0.125000	-3.875000	0.058156
CASE	990203606	35	nn	0.025778	0.026273	10.625000	0.006610
CASE	990204126	40	nn	0.001112	-0.004513	5.250000	0.003791
CASE	990204156	70	bb	0.004934	-0.000965	6.750000	0.006350
CASE	990204416	67	nn	-0.059281	-0.076119	-9.000000	0.034344
CASE	990204466	34	bb	-0.012879	-0.008721	-13.250000	0.004506
CASE	990204616	14	nn	-0.006461	0.000000	-13.000000	0.000190
CASE	990204746	59	nn	-0.015027	-0.021264	-0.875000	0.006657
POS	486	19
