CASE	990200510	36	nn	-0.020190	-0.024704	-4.625000	0.003589
CASE	990200610	48	nn	-0.028506	-0.027829	-13.000000	0.018530
CASE	990200780	48	nn	0.031390	0.033887	10.500000	0.043971
CASE	990200860	38	nn	0.009595	0.013029	2.000000	0.004537
CASE	990200880	58	nn	0.009623	0.020252	-4.625000	0.015138
CASE	990200890	67	nn	-0.000279	0.002588	-2.500000	0.026078
CASE	990200920	12	nn	0.187777	0.250000	27.625000	0.122177
CASE	990201360	27	nn	-0.037233	-0.037740	-15.500000	0.001078
CASE	990201390	55	nn	-0.007588	-0.013928	3.125000	0.003672
CASE	990201540	35	nn	0.030335	0.042605	2.250000	0.004066
CASE	990201700	23	nn	-0.045323	-0.052974	-12.250000	0.009975
CASE	990201710	31	nn	-0.017557	-0.021209	-4.000000	0.025848
CASE	990201890	40	nn	0.004654	0.000812	8.250000	0.000529
CASE	990201960	21	nn	0.027945	0.000000	52.000000	0.002715
CASE	990202300	20	nn	0.078561	0.125000	-11.250000	0.071132
CASE	990202320	41	nn	-0.040016	-0.045985	-12.125000	0.007753
CASE	990202400	30	nn	-0.008551	-0.003722	-7.500000	0.017028
CASE	990202890	6	nn	0.013364	0.000000	18.500000	0.000162
CASE	990202900	16	nn	0.103026	0.125000	15.625000	0.077277
CASE	990202970	3	nn	0.005334	0.000000	8.125000	0.000046
CASE	990203300	73	nn	-0.010676	-0.013376	-2.000000	0.029646
CASE	990203790	46	nn	0.024934	0.025777	11.000000	0.010066
CASE	990204050	50	nn	-0.030905	-0.033838	-14.125000	0.001899
CASE	990204220	49	nn	-0.011964	-0.014344	-2.500000	0.004100
CASE	990204370	26	nn	-0.005274	-0.001668	-12.250000	0.000315
CASE	990204980	35	nn	-0.000523	0.001077	-1.500000	0.000018
CASE	990204990	42	nn	0.061257	0.075823	12.875000	0.017977
POS	486	27
