CASE	990200029	72	nn	-0.001883	-0.005434	2.500000	0.006142
CASE	990200619	59	bb	0.026875	0.033028	6.625000	0.022267
CASE	990201019	26	nn	-0.019114	-0.024417	-3.500000	0.030007
CASE	990201099	23	nn	-0.078952	-0.103066	-13.375000	0.008613
CASE	990201549	42	nn	0.018540	0.019257	6.875000	0.004516
CASE	990201769	6	nn	0.017298	0.000000	36.375000	0.000380
CASE	990202219	24	bb	-0.003630	-0.000001	-21.875000	0.000023
CASE	990202319	36	nn	-0.002443	-0.000632	-5.125000	0.000096
CASE	990202629	6	nn	-0.082610	-0.125000	1.625000	0.066048
CASE	990202739	28	nn	-0.003500	-0.007328	-0.500000	0.029428
CASE	990203009	39	nn	-0.032037	-0.030769	-17.500000	0.004315
CASE	990203249	22	nn	0.022979	0.023349	10.375000	0.002100
CASE	990203629	60	nn	-0.036069	-0.047565	-5.375000	0.016106
CASE	990203699	42	nn	0.033975	0.023531	37.625000	0.002358
CASE	990203729	70	nn	-0.045186	-0.048429	-16.625000	0.012974
CASE	990203869	38	nn	0.026675	0.028771	11.000000	0.001913
CASE	990203979	66	nn	-0.001895	-0.009906	6.375000	0.027459
CASE	990204219	48	nn	0.050615	0.054037	17.625000	0.018992
CASE	990204239	65	nn	0.012078	0.014073	2.375000	0.001242
CASE	990204399	52	nn	0.071944	0.086970	16.875000	0.030465
CASE	990204589	74	nn	-0.000817	0.000626	-3.875000	0.021322
CASE	990204829	54	nn	0.046366	0.047675	20.750000	0.017196
CASE	990204849	76	nn	-0.005062	-0.004716	-2.500000	0.000995
POS	493	23
