CASE	990200177	48	nn	-0.014420	-0.020006	-1.125000	0.009156
CASE	990200347	46	nn	0.028279	0.027995	12.500000	0.031386
CASE	990200357	56	bb	-0.034280	-0.027070	-25.125000	0.001260
CASE	990200447	60	nn	-0.016847	-0.020374	-3.750000	0.004423
CASE	990200797	64	nn	0.006787	0.007846	2.750000	0.014457
CASE	990200967	61	bb	-0.005579	-0.004412	-3.875000	0.010025
CASE	990201777	11	nn	0.013044	0.000000	17.500000	0.149543
CASE	990201817	54	nn	-0.044223	-0.044251	-18.625000	0.007049
CASE	990202237	40	nn	0.088080	0.109265	18.625000	0.006318
CASE	990202297	17	nn	0.008712	0.000000	24.125000	0.000082
CASE	990202627	3	nn	-0.000823	0.000000	0.000000	0.000135
CASE	990202747	32	nn	-0.059463	-0.072214	-13.875000	0.020393
CASE	990203017	47	nn	-0.060802	-0.069413	-18.500000	0.005081
CASE	990203097	44	nn	-0.016424	-0.012343	-12.750000	0.003160
CASE	990203237	10	nn	-0.009791	0.000000	-15.875000	0.000704
CASE	990203277	49	nn	-0.021278	-0.018008	-17.750000	0.001583
CASE	990203377	66	nn	0.024010	0.027158	8.125000	0.011028
CASE	990204097	11	nn	0.194819	0.250000	38.500000	0.127596
CASE	990204217	42	nn	0.044666	0.054709	10.000000	0.010028
CASE	990204337	75	bb	0.082905	0.090007	31.250000	0.022687
CASE	990204557	39	nn	0.014437	0.022824	-1.000000	0.007503
CASE	990204657	56	nn	-0.015180	-0.011767	-16.500000	0.002053
POS	492	22
