CASE	990200601	42	nn	0.012732	0.013993	4.125000	0.000336
CASE	990200631	68	nn	0.039436	0.046073	11.250000	0.010379
CASE	990200871	49	nn	-0.007089	-0.015346	4.000000	0.010651
CASE	990200941	36	nn	0.023020	0.034244	0.375000	0.006709
CASE	990201191	30	nn	-0.008995	-0.008402	-4.750000	0.047195
CASE	990201201	38	nn	-0.003227	0.005181	-12.500000	0.002253
CASE	990201231	65	nn	0.066843	0.070562	26.875000	0.009793
CASE	990201301	54	nn	0.049116	0.057285	13.625000	0.014585
CASE	990201641	50	nn	-0.076698	-0.090982	-19.875000	0.002762
CASE	990201721	38	nn	0.017728	0.021578	4.875000	0.003226
CASE	990201741	64	nn	0.017905	0.020459	9.125000	0.004901
CASE	990201881	30	nn	-0.001839	-0.000437	-4.250000	0.000723
CASE	990202091	67	nn	-0.006863	-0.005982	-3.000000	0.019841
CASE	990202151	42	nn	0.049180	0.055067	15.750000	0.007959
CASE	990202471	17	nn	-0.172956	-0.250000	-7.375000	0.127239
CASE	990202561	22	nn	0.033919	0.041594	8.500000	0.013473
CASE	990202601	64	nn	-0.028112	-0.030522	-10.000000	0.002848
CASE	990203331	19	nn	-0.004836	0.000000	-6.125000	0.000074
CASE	990203341	29	nn	0.015860	0.018324	3.875000	0.006544
CASE	990203521	37	bb	-0.012174	-0.013337	-4.625000	0.002499
CASE	990203641	70	nn	-0.037152	-0.043114	-10.375000	0.006420
CASE	990203961	45	bb	-0.024239	-0.032466	-3.375000	0.008112
CASE	990204301	42	nn	0.003797	0.007592	-1.625000	0.004417
CASE	990204481	51	nn	-0.062894	-0.078868	-12.000000	0.011851
CASE	990204901	37	nn	0.039734	0.045380	13.125000	0.011140
POS	488	25
