CASE	990200098	53	nn	0.010835	0.013142	2.625000	0.003461
CASE	990200238	22	bb	-0.021192	-0.025586	-5.375000	0.004647
CASE	990200638	75	bb	-0.003686	-0.005228	-0.500000	0.006099
CASE	990200758	21	nn	-0.019639	0.000000	-28.375000	0.001765
CASE	990200938	32	nn	-0.044731	-0.046230	-17.500000	0.009179
CASE	990201358	25	nn	-0.030714	-0.033677	-9.875000	0.004851
CASE	990202218	25	nn	0.002366	0.002107	2.375000	0.042951
CASE	990202228	35	nn	-0.067993	-0.071027	-27.750000	0.013377
CASE	990202868	67	bb	0.064600	0.069241	25.875000	0.013841
CASE	990202948	65	nn	0.018652	0.021594	5.500000	0.021192
CASE	990203028	60	nn	-0.024966	-0.024965	-10.375000	0.020491
CASE	990203128	71	nn	0.001025	-0.000411	3.000000	0.003681
CASE	990203338	27	nn	-0.003725	0.001341	-10.125000	0.001212
CASE	990203468	70	nn	0.045111	0.047461	19.250000	0.023611
CASE	990203778	37	nn	-0.038985	-0.028413	-29.750000	0.002266
CASE	990203808	66	nn	0.005736	0.012282	-3.125000	0.011119
CASE	990204308	51	nn	-0.013387	-0.015828	-5.625000	0.013843
CASE	990204738	47	nn	-0.122773	-0.132072	-59.750000	0.013567
CASE	990204878	19	nn	-0.073896	-0.125000	12.625000	0.071664
CASE	990204928	66	nn	-0.001222	-0.001768	-1.625000	0.019308
POS	485	20
