CASE	990200023	62	nn	0.041405	0.054688	6.250000	0.006762
CASE	990200523	49	nn	-0.030956	-0.035982	-8.250000	0.021089
CASE	990200623	63	bb	-0.005616	-0.003949	-4.250000	0.001014
CASE	990201023	34	nn	-0.019234	-0.006994	-21.250000	0.001770
CASE	990201163	1	nn	0.004084	0.000000	4.625000	0.000022
CASE	990201193	29	nn	0.058026	0.074207	11.000000	0.014486
CASE	990201523	18	nn	0.018407	0.000000	37.000000	0.000343
CASE	990201813	49	nn	-0.016369	-0.014183	-13.375000	0.004141
CASE	990202073	50	nn	-0.010860	-0.005401	-10.000000	0.016674
CASE	990202333	54	nn	0.033243	0.030290	17.875000	0.034025
CASE	990202353	70	bb	0.108525	0.126798	33.625000	0.018988
CASE	990202733	23	nn	-0.020656	-0.014713	-18.625000	0.005602
CASE	990202753	42	nn	0.041944	0.042936	16.250000	0.003688
CASE	990203173	32	nn	0.005346	0.002104	6.750000	0.000151
CASE	990203413	16	nn	0.032800	0.000000	66.375000	0.002137
CASE	990203763	20	nn	-0.052998	-0.062500	-13.750000	0.093889
CASE	990204133	48	nn	0.019326	0.029305	-0.375000	0.014853
CASE	990204193	21	nn	0.001209	0.000000	2.500000	0.001341
CASE	990204363	16	bb	0.002054	0.000000	2.500000	0.000364
CASE	990204403	57	nn	0.017521	0.016935	7.500000	0.018279
CASE	990204543	27	nn	-0.000939	0.001071	-1.875000	0.000559
POS	486	21
