CASE	990200055	11	nn	0.089199	0.125000	7.750000	0.060217
CASE	990200175	46	nn	-0.033405	-0.042851	-6.750000	0.002828
CASE	990201065	75	nn	-0.046701	-0.050616	-17.875000	0.004343
CASE	990201215	52	nn	-0.010068	-0.004538	-9.250000	0.018110
CASE	990201365	31	nn	-0.044692	-0.049236	-19.875000	0.012793
CASE	990201575	69	nn	-0.007490	-0.002446	-8.375000	0.010329
CASE	990201615	23	nn	-0.027314	-0.025863	-12.250000	0.006892
CASE	990202045	24	nn	0.016569	0.008699	20.875000	0.000350
CASE	990202225	30	nn	0.045932	0.051834	18.375000	0.003682
CASE	990202245	51	nn	-0.054481	-0.065348	-13.125000	0.006345
CASE	990202315	33	bb	0.056700	0.072815	11.125000	0.053119
CASE	990202855	59	nn	0.054497	0.068884	10.500000	0.003185
CASE	990203015	46	nn	0.019007	0.023055	4.625000	0.014555
CASE	990203125	70	nn	0.039874	0.040690	19.750000	0.027804
CASE	990203185	42	nn	0.050359	0.061955	11.375000	0.025165
CASE	990203385	70	bb	0.014261	0.015505	5.750000	0.003690
CASE	990203545	59	nn	-0.025609	-0.032981	-4.125000	0.007746
CASE	990203595	26	nn	-0.040537	-0.058178	-1.000000	0.046080
CASE	990203865	37	nn	0.002383	0.010150	-8.500000	0.009238
CASE	990203875	48	nn	-0.065339	-0.075407	-21.250000	0.028764
CASE	990203885	57	nn	-0.030181	-0.030017	-11.875000	0.008545
CASE	990204055	52	nn	-0.057422	-0.075075	-8.875000	0.012286
CASE	990204145	58	nn	-0.009963	-0.010281	-4.000000	0.014493
CASE	990204215	42	nn	-0.012943	-0.015518	-3.000000	0.000689
CASE	990204475	46	nn	-0.056228	-0.064737	-16.125000	0.039353
CASE	990204545	28	nn	0.018912	0.037720	-12.125000	0.012933
CASE	990204725	35	nn	-0.011000	-0.011463	-4.375000	0.007729
POS	492	27
