CASE	990200002	45	nn	0.015504	0.015873	6.250000	0.028913
CASE	990200102	58	nn	0.014833	0.018833	3.125000	0.017094
CASE	990200122	74	nn	-0.005564	-0.005142	-2.375000	0.001777
CASE	990200522	48	nn	0.013171	0.011980	7.875000	0.006816
CASE	990200612	50	nn	-0.035092	-0.039203	-15.250000	0.014999
CASE	990200972	65	nn	-0.043164	-0.052345	-9.750000	0.027253
CASE	990201032	41	nn	-0.052935	-0.069595	-7.875000	0.012390
CASE	990201102	26	nn	0.071964	0.081549	21.875000	0.008573
CASE	990201312	63	nn	-0.113942	-0.132001	-34.375000	0.012284
CASE	990201912	62	bb	-0.047790	-0.049874	-22.000000	0.010252
CASE	990202242	44	nn	-0.004514	0.008982	-13.125000	0.006931
CASE	990202352	71	bb	-0.011757	-0.015701	-1.250000	0.021869
CASE	990202562	22	bb	-0.003542	-0.010003	5.625000	0.000405
CASE	990202672	48	nn	-0.035428	-0.044145	-6.875000	0.020646
CASE	990203092	36	nn	-0.009107	-0.007520	-4.750000	0.005320
CASE	990203552	68	bb	-0.050410	-0.063993	-9.000000	0.026033
CASE	990203572	2	nn	-0.005629	0.000000	-10.625000	0.000080
CASE	990203612	42	nn	0.009202	0.007041	7.375000	0.002086
CASE	990203622	50	nn	0.012008	0.012009	5.000000	0.001447
CASE	990204032	33	nn	0.010432	0.012458	2.875000	0.003335
CASE	990204102	15	nn	0.009441	0.000000	11.750000	0.162835
CASE	990204232	61	bb	-0.011085	-0.018132	1.250000	0.013721
CASE	990204462	30	nn	-0.010735	-0.008156	-7.250000	0.001319
CASE	990204542	25	nn	-0.023197	-0.030888	-2.875000	0.002716
POS	486	24
