CASE	991000265	75	nn	-0.002107	-0.006072	4.000000	0.011471
CASE	991000585	50	bb	0.017627	0.023355	2.250000	0.006161
CASE	991000625	8	nn	0.000481	0.000000	0.562500	0.000007
CASE	991000745	38	nn	-0.002010	0.001817	-5.750000	0.015402
CASE	991001045	79	nn	0.032221	0.038769	8.937500	0.014692
CASE	991001305	86	nn	0.020650	0.019917	9.250000	0.015029
CASE	991001485	8	nn	-0.131439	-0.187500	-7.750000	0.085386
CASE	991002595	86	nn	0.014710	0.012288	8.062500	0.020587
CASE	991002655	58	nn	-0.007577	-0.007735	-3.187500	0.006118
CASE	991003685	56	nn	-0.046343	-0.049162	-16.500000	0.014381
CASE	991004285	55	nn	0.007086	0.007219	6.000000	0.005804
CASE	991004455	50	nn	-0.016883	-0.018754	-6.750000	0.011231
CASE	991005535	14	nn	-0.042292	-0.062500	1.000000	0.032476
CASE	991006485	20	nn	-0.046788	-0.062500	-6.500000	0.036330
CASE	991006845	34	bb	0.019103	0.024098	4.187500	0.011939
CASE	991006895	86	nn	-0.003520	-0.002626	-2.625000	0.003016
CASE	991008335	58	nn	0.033080	0.039185	8.937500	0.023975
CASE	991008455	8	nn	-0.002568	0.000000	-6.000000	0.000435
CASE	991009365	59	nn	0.004662	0.011470	-5.500000	0.003735
CASE	991009405	16	nn	0.061699	0.062500	27.312500	0.033994
CASE	991010315	64	nn	0.008696	0.010450	1.625000	0.001847
CASE	991011495	40	nn	-0.000212	-0.004283	2.687500	0.031431
CASE	991011965	81	nn	0.058610	0.070529	15.250000	0.024897
CASE	991012855	26	bb	-0.000428	-0.000321	-0.375000	0.000234
CASE	991012975	55	bb	-0.034803	-0.041733	-8.687500	0.018742
CASE	991013585	65	nn	0.016606	0.018176	7.125000	0.003846
CASE	991015135	70	bb	-0.003421	-0.003679	-1.437500	0.005275
CASE	991015145	74	nn	0.037082	0.044486	9.750000	0.005647
CASE	991016285	11	bb	-0.017071	0.000000	-33.750000	0.000689
CASE	991016345	76	nn	0.021303	0.022242	7.687500	0.012155
CASE	991016645	29	nn	0.003530	-0.000464	6.625000	0.014546
CASE	991017525	50	nn	-0.033025	-0.039944	-8.062500	0.004311
CASE	991017665	17	nn	-0.024032	0.000000	-34.937500	0.147895
CASE	991017815	79	nn	0.019017	0.019143	9.437500	0.008240
CASE	991018035	42	nn	-0.000749	-0.000415	-0.625000	0.000618
CASE	991018115	40	nn	-0.029585	-0.036922	-6.000000	0.008967
CASE	991018825	60	nn	0.001959	-0.002198	5.000000	0.021463
CASE	991019025	4	nn	0.050263	0.062500	10.875000	0.028429
CASE	991019895	11	nn	-0.118559	-0.156250	-18.687500	0.156886
CASE	991019995	26	nn	-0.013930	-0.015202	-4.875000	0.025497
CASE	991020225	86	nn	-0.015065	-0.016622	-5.000000	0.004450
CASE	991020995	81	nn	0.060083	0.068544	18.437500	0.011608
CASE	991021085	86	nn	-0.011019	-0.012136	-3.125000	0.007118
CASE	991021405	60	nn	0.005707	0.004179	4.937500	0.003693
CASE	991021905	46	nn	-0.005618	-0.003517	-6.812500	0.000226
CASE	991021945	86	nn	-0.002240	0.002103	-4.562500	0.006452
CASE	991022145	27	nn	0.028339	0.037301	4.125000	0.015553
CASE	991023005	28	bb	-0.005676	-0.002040	-8.125000	0.000187
CASE	991024115	15	nn	-0.061390	-0.093750	0.750000	0.039639
CASE	991024575	49	mixed	0.013464	0.029594	-8.125000	0.029302
CASE	991024975	19	nn	-0.046932	-0.062500	-0.312500	0.041093
CASE	991025965	64	bb	0.016331	0.018984	5.937500	0.001560
CASE	991026495	77	nn	-0.040163	-0.045670	-12.125000	0.010966
CASE	991027125	15	nn	0.016140	0.000000	29.312500	0.000725
CASE	991027665	43	nn	-0.021133	-0.017166	-13.312500	0.008794
CASE	991028475	79	nn	-0.028147	-0.025793	-19.875000	0.010391
CASE	991028605	38	bb	-0.001468	-0.001896	-0.250000	0.000014
CASE	991028825	86	nn	-0.038720	-0.047843	-8.437500	0.007797
CASE	991028895	69	nn	-0.004589	-0.007253	0.500000	0.017797
CASE	991029395	49	nn	0.012867	0.014763	4.062500	0.002860
CASE	991029645	45	bb	0.001264	0.000909	0.937500	0.000009
CASE	991030055	25	nn	-0.086274	-0.110117	-15.812500	0.011081
CASE	991030095	65	nn	-0.001362	-0.000815	-1.187500	0.000030
CASE	991030365	73	nn	0.017209	0.021122	5.187500	0.006032
CASE	991030615	69	nn	-0.014637	-0.015887	-4.812500	0.016046
CASE	991031495	2	nn	0.001408	0.000000	1.750000	0.000010
CASE	991032235	56	bb	-0.013854	-0.016502	-3.437500	0.003036
CASE	991032675	62	nn	0.008032	0.016620	-3.937500	0.014180
CASE	991033015	62	nn	-0.003430	-0.005180	0.125000	0.000768
CASE	991033405	21	bb	0.105561	0.125000	32.625000	0.139112
CASE	991033415	29	bb	0.002085	0.001722	0.875000	0.002963
CASE	991033655	12	nn	0.002230	0.000000	3.125000	0.138620
CASE	991033725	83	nn	0.028848	0.029166	12.000000	0.009417
CASE	991034395	64	nn	0.044885	0.053008	12.625000	0.011971
CASE	991034925	79	nn	0.029584	0.027497	21.187500	0.010594
CASE	991035935	57	nn	0.003117	0.003952	0.562500	0.000425
CASE	991037815	45	nn	0.018830	0.022726	4.125000	0.015573
CASE	991038885	82	nn	-0.025219	-0.029032	-7.437500	0.003909
CASE	991039815	63	nn	-0.036413	-0.043520	-9.687500	0.011867
CASE	991039825	72	nn	-0.001858	-0.002774	0.125000	0.001346
POS	3929	80
