CASE	991000407	42	nn	0.041041	0.048742	10.375000	0.020705
CASE	991000697	74	nn	-0.035077	-0.039701	-10.812500	0.013227
CASE	991001037	76	bb	0.021767	0.021984	9.812500	0.008622
CASE	991001287	67	nn	-0.037867	-0.043889	-8.375000	0.028314
CASE	991001937	30	nn	-0.017066	-0.014964	-11.500000	0.002970
CASE	991002137	57	bb	-0.016690	-0.019692	-3.750000	0.007782
CASE	991002537	27	nn	-0.004866	-0.004556	-4.437500	0.000538
CASE	991003627	86	bb	0.020949	0.019978	8.812500	0.028618
CASE	991004647	70	nn	0.015637	0.020758	2.250000	0.008836
CASE	991005827	48	bb	0.020810	0.024558	5.625000	0.002891
CASE	991006347	53	bb	-0.034462	-0.037063	-12.812500	0.002233
CASE	991006457	78	bb	0.028002	0.036338	4.562500	0.005521
CASE	991006617	63	nn	-0.053900	-0.065089	-13.062500	0.016685
CASE	991007567	69	bb	0.009841	0.008978	4.937500	0.005517
CASE	991007717	48	nn	0.005194	0.005607	1.062500	0.001369
CASE	991007887	43	nn	-0.014951	-0.022000	-0.062500	0.006541
CASE	991008067	54	nn	-0.017999	-0.023923	-2.500000	0.001106
CASE	991008077	60	bb	0.019000	0.022847	5.375000	0.005083
CASE	991009287	68	nn	-0.022164	-0.028461	-4.062500	0.011412
CASE	991009347	39	nn	0.008692	0.009483	3.437500	0.011660
CASE	991011777	66	nn	0.026617	0.030139	7.500000	0.010679
CASE	991011887	3	nn	-0.001081	0.000000	-1.312500	0.000013
CASE	991012267	35	nn	0.006475	0.004214	6.937500	0.001323
CASE	991012437	38	nn	-0.009814	-0.006781	-6.437500	0.011800
CASE	991013087	86	nn	-0.006009	-0.003856	-4.375000	0.001989
CASE	991013127	37	bb	-0.000963	-0.000463	-1.250000	0.000004
CASE	991014707	69	bb	-0.041473	-0.047518	-11.812500	0.006300
CASE	991015187	34	nn	-0.016627	-0.025992	0.812500	0.008618
CASE	991015507	10	nn	0.092406	0.125000	10.687500	0.061605
CASE	991015817	62	bb	0.011319	0.014217	2.187500	0.003401
CASE	991016757	57	bb	0.005567	0.006718	1.437500	0.009774
CASE	991017327	26	nn	0.013433	0.010359	10.250000	0.002319
CASE	991017727	79	nn	0.032085	0.034094	15.687500	0.002493
CASE	991018817	51	nn	0.005881	0.005913	3.625000	0.012362
CASE	991019517	60	nn	0.000795	0.001569	-0.312500	0.001732
CASE	991019687	61	bb	-0.029492	-0.033857	-9.125000	0.006836
CASE	991022347	57	nn	0.029116	0.034991	7.437500	0.006761
CASE	991022437	62	nn	0.009191	0.009540	4.562500	0.008199
CASE	991024417	60	nn	-0.016143	-0.014567	-7.937500	0.010172
CASE	991024637	25	nn	0.005126	0.011047	-3.437500	0.033591
CASE	991025517	46	bb	-0.008956	-0.011659	-1.437500	0.001019
CASE	991025677	31	bb	0.035305	0.045045	6.562500	0.014246
CASE	991026407	70	nn	-0.014560	-0.016452	-4.250000	0.003288
CASE	991026627	34	nn	0.001132	0.001717	0.562500	0.017831
CASE	991027607	72	bb	0.009857	0.012926	1.437500	0.008441
CASE	991028427	28	nn	-0.008788	-0.003402	-13.437500	0.001119
CASE	991028997	86	nn	0.023347	0.023409	9.187500	0.016583
CASE	991030537	72	bb	0.000824	0.000313	0.750000	0.000090
CASE	991031217	68	nn	0.012761	0.013668	6.062500	0.010880
CASE	991031347	23	nn	0.082878	0.113253	8.812500	0.020880
CASE	991031677	13	nn	0.004978	0.000000	18.250000	0.000204
CASE	991032007	86	nn	-0.037898	-0.044093	-10.500000	0.008980
CASE	991032237	56	nn	-0.022558	-0.024316	-8.937500	0.011650
CASE	991032927	58	nn	0.019301	0.022144	5.937500	0.011555
CASE	991032937	64	nn	-0.010962	-0.016462	1.000000	0.012655
CASE	991033077	36	nn	-0.002076	-0.002149	-0.812500	0.004311
CASE	991033977	76	nn	-0.006708	-0.005512	-3.437500	0.011449
CASE	991034277	32	nn	-0.004969	-0.009461	2.687500	0.002974
CASE	991035067	49	bb	0.010411	0.013150	1.312500	0.006341
CASE	991035257	67	nn	0.008100	0.012318	0.937500	0.015041
CASE	991035877	86	nn	0.016495	0.019412	5.125000	0.003381
CASE	991036307	86	nn	0.009639	0.008176	5.875000	0.022041
CASE	991036437	42	nn	0.081242	0.098535	18.812500	0.028946
CASE	991037237	70	nn	0.030117	0.030669	11.312500	0.026101
CASE	991037337	81	nn	-0.050954	-0.059059	-13.062500	0.020003
CASE	991038097	67	nn	-0.012788	-0.016320	-2.687500	0.006925
CASE	991038277	74	nn	-0.015248	-0.016894	-6.250000	0.005777
CASE	991038577	28	nn	0.014727	0.016875	4.625000	0.003470
POS	3923	68
