CASE	991001544	64	nn	-0.018645	-0.017972	-10.875000	0.002838
CASE	991002094	11	bb	-0.002055	0.000000	-2.875000	0.000423
CASE	991002164	81	nn	0.036526	0.035501	15.625000	0.025481
CASE	991002244	76	nn	0.014012	0.012242	8.062500	0.007270
CASE	991003094	67	nn	-0.033995	-0.039690	-8.750000	0.017052
CASE	991004334	18	bb	-0.008444	0.000000	-11.937500	0.000454
CASE	991004544	54	nn	0.013361	0.017963	1.937500	0.014300
CASE	991004634	58	nn	-0.002818	-0.003568	-0.625000	0.006732
CASE	991004704	45	nn	0.010766	0.013975	2.062500	0.004073
CASE	991005164	72	nn	0.003852	0.007165	-2.000000	0.009808
CASE	991006034	80	nn	0.001575	-0.000963	2.562500	0.012957
CASE	991006394	14	nn	-0.006377	0.000000	-14.125000	0.000760
CASE	991006464	81	bb	0.053542	0.058969	18.625000	0.004679
CASE	991006774	50	nn	-0.000723	0.001304	-2.875000	0.002481
CASE	991007444	33	nn	-0.011419	-0.013911	-2.562500	0.003593
CASE	991008554	25	nn	-0.006690	-0.005741	-3.937500	0.014973
CASE	991008774	72	nn	0.026265	0.028983	9.375000	0.009154
CASE	991008824	37	nn	0.041374	0.054220	6.125000	0.013993
CASE	991009204	73	nn	-0.040958	-0.057333	-3.625000	0.029080
CASE	991010914	62	nn	0.051917	0.062626	12.437500	0.005617
CASE	991011074	51	bb	0.015588	0.015357	6.687500	0.001448
CASE	991013044	41	nn	0.026158	0.031682	6.375000	0.009209
CASE	991013544	21	nn	-0.003744	0.000000	-8.812500	0.000104
CASE	991014534	69	nn	-0.053768	-0.060821	-19.312500	0.010904
CASE	991015114	49	nn	0.024056	0.028171	6.875000	0.017078
CASE	991015404	80	nn	-0.033088	-0.037803	-9.437500	0.007661
CASE	991015464	53	nn	0.003862	0.001131	7.500000	0.007551
CASE	991015694	22	nn	0.008028	0.005916	4.875000	0.004259
CASE	991016164	66	nn	0.048067	0.044519	26.437500	0.020858
CASE	991016934	63	nn	0.025529	0.026092	13.937500	0.008311
CASE	991017134	2	nn	0.014592	0.000000	18.062500	0.000049
CASE	991017364	62	nn	0.001663	0.000735	1.437500	0.001184
CASE	991017374	73	nn	0.015631	0.016424	8.375000	0.006642
CASE	991018044	54	nn	0.026050	0.024460	12.687500	0.005115
CASE	991018094	19	nn	-0.001329	0.000000	-3.687500	0.139128
CASE	991018134	53	nn	-0.008057	-0.009212	-3.812500	0.004041
CASE	991018884	32	nn	0.009320	0.007188	6.125000	0.000458
CASE	991019364	81	mixed	-0.006742	0.003623	-11.000000	0.035906
CASE	991020854	27	nn	0.071577	0.077641	25.437500	0.033214
CASE	991022374	81	nn	0.006152	0.005330	3.812500	0.011155
CASE	991022684	46	nn	-0.005157	-0.005730	-1.937500	0.006163
CASE	991024124	28	bb	0.001636	0.000597	2.125000	0.000050
CASE	991024234	51	nn	-0.013899	-0.009225	-11.500000	0.003515
CASE	991024264	82	nn	-0.020177	-0.023973	-5.062500	0.005098
CASE	991025874	58	nn	0.000507	0.000448	0.250000	0.000639
CASE	991026794	32	nn	-0.033134	-0.030362	-20.625000	0.005542
CASE	991027124	19	bb	-0.041500	-0.062500	0.375000	0.029001
CASE	991027294	11	bb	0.003804	0.000000	5.500000	0.000281
CASE	991027404	40	bb	0.000000	0.000000	0.000000	0.000000
CASE	991027864	67	nn	-0.020840	-0.023445	-5.625000	0.011827
CASE	991029074	74	nn	0.008835	0.008843	3.562500	0.001426
CASE	991029474	44	nn	-0.003367	-0.004945	-0.250000	0.000740
CASE	991029594	79	nn	-0.031465	-0.033990	-10.437500	0.011923
CASE	991029614	13	nn	-0.002804	0.000000	-5.187500	0.000466
CASE	991030574	25	nn	0.078583	0.092906	25.375000	0.016504
CASE	991030814	11	nn	-0.091470	-0.125000	-9.625000	0.061419
CASE	991031294	57	nn	0.008231	0.004199	6.750000	0.015638
CASE	991031544	53	nn	0.032693	0.036411	12.250000	0.009553
CASE	991032124	26	nn	-0.017216	-0.020335	-5.500000	0.002766
CASE	991032214	33	nn	-0.024097	-0.030904	-3.875000	0.011444
CASE	991032294	23	nn	0.008971	0.011973	1.187500	0.001288
CASE	991033354	56	bb	-0.002950	-0.003232	-1.250000	0.000047
CASE	991033804	75	nn	0.004840	0.001709	5.500000	0.016921
CASE	991034154	82	nn	-0.023695	-0.027768	-7.375000	0.003056
CASE	991034464	49	nn	0.002212	0.007757	-3.812500	0.014038
CASE	991034844	79	nn	-0.029317	-0.032153	-12.625000	0.005974
CASE	991035604	71	nn	-0.011402	-0.008509	-6.937500	0.025238
CASE	991035714	8	bb	0.001607	0.000000	2.125000	0.000147
CASE	991037924	67	nn	-0.019819	-0.021763	-6.937500	0.007823
CASE	991037984	37	bb	0.007631	0.008703	2.312500	0.004622
CASE	991038664	35	nn	-0.002968	-0.001381	-4.437500	0.012943
CASE	991038814	10	bb	0.000964	0.000000	1.312500	0.000009
CASE	991039384	66	nn	-0.032365	-0.031686	-15.000000	0.012915
CASE	991039644	69	nn	0.038507	0.041672	14.062500	0.015252
CASE	991039784	34	bb	0.009777	0.004924	13.250000	0.002324
CASE	991039824	76	nn	0.020249	0.024862	3.437500	0.018909
POS	3893	76
