CASE	991000318	45	nn	0.037730	0.037820	15.687500	0.007453
CASE	991000338	62	nn	-0.009626	-0.012299	-1.625000	0.018002
CASE	991000428	69	nn	-0.033210	-0.036445	-13.625000	0.016379
CASE	991000818	24	nn	-0.007147	0.001065	-11.500000	0.039038
CASE	991001298	75	bb	0.028256	0.032660	8.250000	0.006872
CASE	991001498	18	bb	0.000990	0.000000	2.687500	0.000058
CASE	991002248	82	nn	-0.004052	-0.002886	-1.125000	0.008097
CASE	991002668	69	bb	0.010960	0.010897	6.250000	0.001811
CASE	991002978	37	bb	-0.055912	-0.074070	-7.812500	0.013315
CASE	991003948	57	mixed	-0.040150	-0.047362	-11.375000	0.007498
CASE	991004758	9	nn	-0.011755	0.000000	-20.375000	0.000586
CASE	991005428	79	nn	-0.042820	-0.051624	-11.812500	0.011946
CASE	991005968	18	nn	-0.004368	0.000000	-7.437500	0.001345
CASE	991006018	67	bb	0.011195	0.010869	4.687500	0.007799
CASE	991006028	77	nn	0.004159	0.015570	-8.750000	0.004858
CASE	991006538	73	bb	-0.037487	-0.043986	-10.312500	0.009890
CASE	991007058	74	bb	-0.019166	-0.019550	-7.125000	0.003864
CASE	991008868	80	nn	0.035305	0.039737	12.437500	0.004949
CASE	991009138	5	nn	0.007170	0.000000	9.375000	0.000159
CASE	991009728	80	nn	-0.065953	-0.075318	-19.625000	0.020809
CASE	991010278	29	nn	-0.006718	-0.019822	7.687500	0.025271
CASE	991010488	64	nn	-0.010997	-0.013488	-3.625000	0.008390
CASE	991010638	44	nn	0.001290	0.002090	-0.125000	0.000259
CASE	991010738	57	nn	0.018350	0.020477	6.375000	0.006402
CASE	991010908	54	nn	-0.018416	-0.020753	-5.687500	0.005496
CASE	991011008	67	nn	-0.039895	-0.048322	-9.812500	0.014208
CASE	991011018	81	nn	-0.016702	-0.019065	-5.375000	0.012527
CASE	991011378	7	nn	-0.003707	0.000000	-12.625000	0.000109
CASE	991012148	7	bb	0.000035	0.000000	0.125000	0.000002
CASE	991013148	59	nn	-0.003064	-0.001922	-1.500000	0.020186
CASE	991016428	69	bb	0.028140	0.031334	9.312500	0.003738
CASE	991017128	80	nn	0.025799	0.036115	3.187500	0.026232
CASE	991017138	6	nn	0.008899	0.000000	14.562500	0.000318
CASE	991018568	62	nn	-0.014538	-0.018996	-2.250000	0.009786
CASE	991018658	65	nn	-0.038670	-0.046849	-9.062500	0.026456
CASE	991018758	78	bb	-0.022308	-0.021091	-11.312500	0.012665
CASE	991018918	69	nn	-0.074101	-0.085609	-24.062500	0.014231
CASE	991019138	29	nn	0.001601	0.003167	-0.375000	0.019668
CASE	991019878	79	nn	-0.021962	-0.022361	-9.687500	0.009030
CASE	991020598	29	nn	0.088620	0.102452	25.062500	0.014977
CASE	991020688	31	bb	0.001829	0.002085	0.312500	0.000047
CASE	991021658	55	nn	-0.005812	-0.006968	-1.312500	0.004723
CASE	991021928	64	nn	-0.008846	-0.009023	-3.562500	0.014197
CASE	991022678	43	nn	-0.015748	-0.016284	-6.187500	0.004260
CASE	991023308	71	nn	-0.032982	-0.039315	-8.312500	0.030228
CASE	991023728	61	nn	-0.041302	-0.051031	-8.625000	0.013810
CASE	991024308	41	nn	-0.018493	-0.015512	-10.812500	0.041405
CASE	991024358	4	bb	0.075423	0.093750	17.062500	0.094773
CASE	991024778	76	nn	-0.008425	-0.009198	-4.062500	0.006491
CASE	991025428	38	nn	-0.006378	-0.006942	-1.625000	0.028667
CASE	991025578	21	nn	0.030542	0.062500	-17.625000	0.032932
CASE	991026748	73	nn	0.017666	0.018206	7.812500	0.027146
CASE	991027258	64	nn	0.022591	0.024889	7.125000	0.013956
CASE	991027668	46	nn	0.022055	0.025449	7.812500	0.006087
CASE	991027988	21	nn	0.096318	0.125000	16.875000	0.207965
CASE	991028418	18	nn	-0.062230	-0.062500	-26.375000	0.099259
CASE	991028608	38	nn	0.024869	0.034203	2.500000	0.005913
CASE	991028668	15	nn	-0.085064	-0.125000	-2.625000	0.190895
CASE	991029548	32	nn	-0.006862	-0.008958	-1.062500	0.002809
CASE	991029638	37	nn	0.002875	0.000388	8.000000	0.000643
CASE	991029708	22	bb	0.000608	0.001563	-0.625000	0.003341
CASE	991030038	7	bb	0.000520	0.000000	0.312500	0.000413
CASE	991030698	66	nn	0.034767	0.039821	12.125000	0.024058
CASE	991030818	12	bb	-0.000731	0.000000	-1.437500	0.142161
CASE	991031008	32	nn	-0.055002	-0.070625	-9.750000	0.009069
CASE	991031908	67	bb	-0.002481	-0.002821	-0.750000	0.000007
CASE	991032458	19	nn	0.001398	0.000000	4.437500	0.001064
CASE	991032668	56	nn	-0.021390	-0.030565	-1.125000	0.019063
CASE	991032998	44	bb	-0.003940	-0.005022	-0.812500	0.002381
CASE	991033438	49	nn	-0.002025	-0.004715	2.812500	0.004028
CASE	991033518	44	nn	0.018460	0.022583	4.250000	0.008421
CASE	991034298	53	nn	-0.024340	-0.026488	-11.250000	0.002023
CASE	991034608	18	bb	0.000081	0.000000	0.125000	0.000000
CASE	991035528	81	nn	0.016429	0.012199	11.875000	0.001922
CASE	991037388	48	nn	-0.009052	-0.010691	-2.187500	0.018953
CASE	991037478	52	nn	-0.029658	-0.033188	-10.937500	0.007384
CASE	991037848	79	nn	0.022947	0.031600	2.312500	0.011575
CASE	991037888	33	nn	0.046875	0.060822	8.125000	0.037946
CASE	991037958	14	nn	0.046205	0.062500	9.062500	0.032409
CASE	991038018	72	nn	-0.032806	-0.036619	-10.625000	0.009271
CASE	991039078	17	nn	-0.018089	0.000000	-28.937500	0.000996
CASE	991039878	41	bb	-0.003564	-0.007640	1.937500	0.010312
POS	3895	82
