CASE	991000516	70	nn	0.026359	0.024716	12.312500	0.025730
CASE	991000856	65	nn	-0.022474	-0.026630	-6.312500	0.009085
CASE	991001416	25	nn	-0.072208	-0.078924	-27.062500	0.037881
CASE	991001676	27	bb	-0.030925	-0.040069	-4.875000	0.006928
CASE	991002056	63	nn	-0.010727	-0.005165	-10.500000	0.007287
CASE	991002446	18	bb	0.051620	0.062500	12.687500	0.031354
CASE	991002886	31	nn	0.006026	0.004305	4.625000	0.012812
CASE	991003706	79	bb	-0.011373	-0.013857	-2.750000	0.000992
CASE	991003916	30	bb	-0.000825	-0.001077	-0.125000	0.000004
CASE	991004106	48	bb	-0.010419	-0.013911	-1.250000	0.006423
CASE	991005336	75	nn	0.061571	0.070534	21.875000	0.009018
CASE	991006116	78	bb	-0.087301	-0.098314	-27.000000	0.008535
CASE	991006636	83	nn	0.028447	0.041408	1.562500	0.010088
CASE	991007266	26	nn	-0.005226	-0.006689	-0.937500	0.000437
CASE	991007556	57	bb	-0.017153	-0.020999	-3.812500	0.009991
CASE	991007916	72	nn	-0.011115	-0.013260	-3.062500	0.004156
CASE	991008286	15	nn	0.140196	0.187500	18.500000	0.152317
CASE	991008446	3	bb	-0.000502	0.000000	-3.187500	0.000010
CASE	991008776	75	bb	-0.034464	-0.043963	-7.312500	0.007396
CASE	991009146	14	nn	-0.044680	-0.062500	-3.687500	0.032578
CASE	991009756	21	nn	0.024377	0.031250	4.437500	0.008021
CASE	991010656	60	bb	0.002578	0.002806	0.875000	0.000120
CASE	991011526	72	nn	0.012946	0.014681	4.375000	0.001032
CASE	991012046	74	bb	-0.001325	-0.003853	1.562500	0.000022
CASE	991013166	75	nn	-0.068275	-0.078702	-21.312500	0.006726
CASE	991013236	61	nn	0.045306	0.050387	14.500000	0.007533
CASE	991013256	82	nn	0.032781	0.035617	12.375000	0.010198
CASE	991014076	40	bb	0.000197	0.000106	0.187500	0.000002
CASE	991014406	28	nn	0.026215	0.032480	5.812500	0.007598
CASE	991015396	73	nn	0.014284	0.019904	0.625000	0.016670
CASE	991015406	83	nn	-0.011971	-0.010475	-6.500000	0.008854
CASE	991015766	11	bb	0.001817	0.000000	2.875000	0.000063
CASE	991016266	82	bb	-0.028492	-0.026325	-13.312500	0.004481
CASE	991016766	63	nn	-0.002486	-0.003822	0.312500	0.013400
CASE	991017196	67	nn	0.021060	0.019697	9.562500	0.011358
CASE	991017316	15	nn	0.007765	0.000000	17.875000	0.000247
CASE	991017786	52	nn	-0.079844	-0.085934	-35.937500	0.009591
CASE	991017976	71	nn	0.018612	0.020844	5.500000	0.004475
CASE	991019536	81	nn	0.033744	0.039367	9.062500	0.026731
CASE	991019556	16	bb	-0.001311	0.000000	-0.937500	0.000252
CASE	991019866	69	nn	0.009104	0.016812	-2.062500	0.014254
CASE	991021676	69	bb	0.036977	0.041398	11.750000	0.007444
CASE	991021936	77	nn	-0.038338	-0.047078	-9.312500	0.013311
CASE	991022176	58	nn	0.038680	0.043499	14.437500	0.006450
CASE	991023886	49	nn	-0.006763	-0.004769	-4.812500	0.009058
CASE	991023986	63	bb	0.008697	0.016244	-2.750000	0.006863
CASE	991024056	46	nn	-0.006613	-0.003539	-6.687500	0.005879
CASE	991024226	40	nn	0.007960	0.006272	4.687500	0.017132
CASE	991025006	47	nn	-0.047729	-0.060484	-8.750000	0.008456
CASE	991025796	64	nn	-0.042896	-0.052587	-10.812500	0.008649
CASE	991026136	62	nn	0.038905	0.041602	14.250000	0.022835
CASE	991026156	80	nn	-0.009598	-0.003769	-9.312500	0.021211
CASE	991026716	39	bb	0.018989	0.025130	2.500000	0.011267
CASE	991027786	77	bb	0.004746	0.006678	0.125000	0.005572
CASE	991028616	43	nn	-0.017195	-0.021622	-3.687500	0.012743
CASE	991028686	30	nn	-0.011700	-0.010423	-6.937500	0.002812
CASE	991029246	72	nn	-0.011467	-0.014089	-3.125000	0.017917
CASE	991029746	55	bb	-0.005878	-0.005645	-3.000000	0.001013
CASE	991029896	39	nn	0.022581	0.018578	15.437500	0.001621
CASE	991030446	73	nn	0.012260	0.012970	6.875000	0.008672
CASE	991031006	28	nn	0.005330	0.004065	5.000000	0.014425
CASE	991031726	63	nn	0.001501	-0.000144	1.750000	0.005232
CASE	991032006	81	nn	0.032987	0.039345	8.687500	0.015774
CASE	991032396	43	mixed	-0.098971	-0.118190	-25.125000	0.024127
CASE	991033716	75	nn	0.069524	0.082379	18.875000	0.014335
CASE	991034306	62	nn	0.013922	0.013725	4.937500	0.013531
CASE	991035016	79	nn	-0.021084	-0.025556	-5.500000	0.008790
CASE	991035856	63	bb	0.007932	0.006636	4.375000	0.005031
CASE	991036616	45	nn	0.045971	0.060509	7.250000	0.025581
CASE	991036756	19	nn	-0.050119	-0.062500	-12.437500	0.034243
CASE	991036806	69	nn	0.008707	0.009443	2.937500	0.002877
CASE	991037756	72	bb	-0.004378	-0.004170	-1.187500	0.011549
CASE	991037766	81	nn	0.000884	0.003874	-2.125000	0.010157
CASE	991038166	50	nn	-0.035657	-0.044743	-7.062500	0.017019
CASE	991038176	63	nn	0.036718	0.042989	10.437500	0.019633
CASE	991038576	32	nn	0.085642	0.094813	27.812500	0.031463
CASE	991038906	13	nn	-0.001781	0.000000	-2.437500	0.000158
POS	3897	77
