CASE	991000003	68	nn	0.000062	0.002747	-2.250000	0.003807
CASE	991000163	59	nn	-0.017457	-0.014431	-9.812500	0.009793
CASE	991000333	58	nn	0.000712	-0.000961	4.375000	0.000558
CASE	991000643	26	nn	-0.027763	-0.035363	-5.937500	0.010858
CASE	991001633	69	nn	0.001200	-0.000772	1.687500	0.007367
CASE	991002143	62	nn	-0.003998	-0.003270	-2.500000	0.015161
CASE	991002673	78	nn	0.011555	0.015242	1.375000	0.017074
CASE	991003013	72	nn	0.006321	0.010439	-2.625000	0.011079
CASE	991003123	12	nn	-0.095832	-0.125000	-16.312500	0.268144
CASE	991003133	17	nn	-0.051877	-0.062500	-14.562500	0.036000
CASE	991003143	30	bb	0.002227	0.001945	1.375000	0.000122
CASE	991003323	40	nn	0.004176	0.002210	4.812500	0.000453
CASE	991004893	62	nn	0.017113	0.020051	4.812500	0.004002
CASE	991005543	23	nn	-0.035925	-0.040777	-10.875000	0.007108
CASE	991006003	54	nn	-0.011130	-0.009788	-6.250000	0.006910
CASE	991006023	74	nn	-0.008462	-0.008773	-1.687500	0.024240
CASE	991006333	38	nn	0.009214	0.014343	0.125000	0.014066
CASE	991006583	32	nn	0.006572	0.016090	-5.687500	0.017427
CASE	991007083	13	nn	-0.082445	-0.125000	4.000000	0.128331
CASE	991007453	40	nn	-0.020514	-0.020976	-8.125000	0.005385
CASE	991008143	39	nn	-0.009645	-0.009144	-5.937500	0.002248
CASE	991008863	73	nn	-0.005967	-0.003677	-5.750000	0.020651
CASE	991009073	27	nn	0.030878	0.031912	15.875000	0.003753
CASE	991009843	21	nn	0.037582	0.062500	-6.437500	0.097970
CASE	991010063	70	nn	-0.021230	-0.020111	-10.437500	0.017770
CASE	991010133	55	nn	-0.011425	-0.014586	-2.000000	0.001132
CASE	991010163	86	nn	0.028489	0.032933	7.375000	0.003314
CASE	991010373	38	nn	0.009443	0.018264	-5.687500	0.002376
CASE	991010903	52	nn	0.005795	0.013603	-4.125000	0.015033
CASE	991011263	67	nn	-0.019411	-0.021825	-5.937500	0.001229
CASE	991011533	74	nn	-0.014444	-0.014026	-10.125000	0.009441
CASE	991012733	72	bb	-0.023773	-0.029391	-5.125000	0.008648
CASE	991013423	76	nn	0.023381	0.010146	22.187500	0.010697
CASE	991013653	50	nn	0.020062	0.021236	7.125000	0.014569
CASE	991013673	69	nn	-0.007752	-0.004626	-5.687500	0.003812
CASE	991014343	51	bb	0.000000	0.000000	0.000000	0.000000
CASE	991017343	41	bb	-0.000092	-0.000136	0.000000	0.000006
CASE	991018333	86	bb	-0.020156	-0.025089	-3.625000	0.025150
CASE	991018493	73	bb	-0.007757	-0.006046	-5.937500	0.000197
CASE	991018963	25	nn	-0.014824	-0.003242	-21.687500	0.001403
CASE	991019313	32	nn	0.049520	0.063334	9.625000	0.008723
CASE	991019363	81	bb	-0.018192	-0.026193	-0.562500	0.013900
CASE	991019523	71	nn	0.018392	0.018650	7.312500	0.015409
CASE	991019763	51	nn	-0.026057	-0.035244	-2.125000	0.022326
CASE	991021053	53	nn	-0.010315	-0.012078	-2.875000	0.011799
CASE	991021413	69	nn	0.007600	0.010686	0.312500	0.012888
CASE	991022633	86	nn	0.000053	-0.000583	0.000000	0.006948
CASE	991022953	62	nn	0.010420	0.010935	4.687500	0.004485
CASE	991023063	86	nn	0.006354	0.006578	2.312500	0.004942
CASE	991023103	38	nn	-0.040418	-0.046691	-12.312500	0.003087
CASE	991023233	81	nn	0.060444	0.069982	17.687500	0.010869
CASE	991023493	86	nn	-0.015943	-0.018571	-4.562500	0.012829
CASE	991024353	86	nn	-0.024665	-0.032242	-4.500000	0.006422
CASE	991024363	10	bb	0.111723	0.156250	9.375000	0.190729
CASE	991025313	12	nn	-0.044285	-0.062500	-0.437500	0.037210
CASE	991025643	86	bb	-0.020872	-0.019636	-9.562500	0.004015
CASE	991025873	57	nn	-0.018281	-0.023271	-3.312500	0.010659
CASE	991027163	57	nn	-0.018625	-0.016226	-10.500000	0.007571
CASE	991027243	52	nn	-0.040249	-0.047426	-11.437500	0.018604
CASE	991028003	36	bb	-0.000431	-0.000352	-0.250000	0.000003
CASE	991028853	24	nn	-0.042267	-0.040439	-22.812500	0.008795
CASE	991029683	79	nn	0.038880	0.041835	15.562500	0.006727
CASE	991030163	46	bb	-0.020155	-0.020477	-9.687500	0.003901
CASE	991030423	45	bb	0.000345	0.000393	0.125000	0.000002
CASE	991032433	80	bb	-0.004582	-0.005605	-0.937500	0.007539
CASE	991032453	15	bb	-0.001355	0.000000	-1.375000	0.000161
CASE	991032623	14	nn	0.057827	0.062500	21.625000	0.099235
CASE	991032663	50	nn	-0.016740	-0.018848	-5.187500	0.014911
CASE	991033283	68	nn	-0.023832	-0.030580	-4.500000	0.006534
CASE	991033943	39	bb	0.026901	0.031494	7.750000	0.009559
CASE	991034413	82	nn	0.048649	0.055056	14.375000	0.007638
CASE	991034493	77	nn	-0.038350	-0.041839	-12.812500	0.013784
CASE	991034553	50	bb	0.000132	0.000222	-0.062500	0.000003
CASE	991034673	86	nn	0.001184	0.004192	-2.125000	0.005672
CASE	991034943	11	nn	0.002455	0.000000	3.250000	0.000193
CASE	991035763	56	nn	-0.004536	-0.008305	2.187500	0.008070
CASE	991036533	51	nn	-0.002839	-0.003740	-0.437500	0.000270
CASE	991036643	77	nn	-0.027260	-0.030178	-8.687500	0.019548
CASE	991037383	39	bb	-0.010743	-0.013987	-1.562500	0.005975
CASE	991037813	42	nn	-0.031807	-0.043051	-3.812500	0.011927
CASE	991038113	86	nn	-0.009028	-0.011290	-1.687500	0.015943
CASE	991038243	41	nn	-0.007747	-0.005052	-8.937500	0.000631
CASE	991038283	81	bb	0.019228	0.023954	3.937500	0.003450
CASE	991038543	86	nn	0.018824	0.021966	5.062500	0.010725
CASE	991039403	86	nn	-0.019534	-0.027196	-2.187500	0.003662
CASE	991039473	69	bb	-0.007924	-0.007917	-3.187500	0.018391
POS	3927	86
