CASE	991000759	53	nn	-0.007843	-0.009589	-3.687500	0.008776
CASE	991000819	26	bb	-0.037261	-0.046649	-7.625000	0.005998
CASE	991002809	41	bb	0.003659	0.003696	1.625000	0.000324
CASE	991003399	24	nn	-0.005564	-0.000166	-11.375000	0.000405
CASE	991003809	7	nn	0.002292	0.000000	7.250000	0.000115
CASE	991004439	38	bb	-0.020868	-0.021126	-8.250000	0.013335
CASE	991004559	67	nn	-0.017855	-0.018912	-5.875000	0.017662
CASE	991005579	59	nn	0.039345	0.041027	15.750000	0.009631
CASE	991005629	21	nn	0.063277	0.093750	-0.187500	0.216152
CASE	991006189	63	nn	0.000243	-0.000132	1.875000	0.019385
CASE	991006329	35	nn	0.004044	0.004035	2.437500	0.000166
CASE	991007309	69	nn	-0.000443	0.000814	-0.437500	0.011294
CASE	991009299	79	bb	-0.008738	-0.010403	-2.312500	0.005936
CASE	991009439	48	nn	0.001707	-0.001344	3.812500	0.005970
CASE	991009729	80	nn	0.023052	0.025588	7.312500	0.005552
CASE	991010419	80	nn	-0.045256	-0.051195	-13.875000	0.007872
CASE	991011669	41	nn	0.013666	0.014947	5.687500	0.001485
CASE	991011969	86	nn	0.024421	0.025523	8.937500	0.010174
CASE	991012259	32	nn	0.013604	0.013952	5.937500	0.000945
CASE	991012269	39	nn	0.014970	0.019468	2.750000	0.015977
CASE	991012609	33	bb	0.007244	0.008466	2.250000	0.000450
CASE	991012769	21	nn	0.262250	0.375000	14.500000	0.132233
CASE	991012849	16	nn	0.018281	0.031250	-3.187500	0.039705
CASE	991015219	68	nn	-0.012841	-0.014488	-5.625000	0.006414
CASE	991015409	86	nn	-0.020507	-0.021495	-7.625000	0.007530
CASE	991015639	56	nn	-0.063597	-0.076573	-16.125000	0.020061
CASE	991016379	19	nn	0.045808	0.062500	5.125000	0.038448
CASE	991017879	61	nn	-0.016837	-0.008132	-15.500000	0.011589
CASE	991018049	59	nn	0.022228	0.027657	5.750000	0.006591
CASE	991018069	78	bb	0.000667	0.000925	0.062500	0.006788
CASE	991018189	26	nn	-0.016050	-0.021814	-1.812500	0.007919
CASE	991018499	80	bb	-0.032348	-0.035387	-10.750000	0.006805
CASE	991018709	31	nn	-0.010703	-0.015925	-0.375000	0.008587
CASE	991018989	50	nn	-0.001580	-0.005099	0.937500	0.009363
CASE	991019709	86	bb	-0.005691	-0.002935	-5.000000	0.002281
CASE	991020099	46	bb	-0.022428	-0.023515	-9.187500	0.005922
CASE	991020159	20	nn	-0.181470	-0.250000	-18.312500	0.177860
CASE	991020389	76	nn	0.021621	0.030170	1.687500	0.013404
CASE	991020669	13	bb	0.004356	0.000000	5.562500	0.000104
CASE	991021209	38	nn	0.002574	0.000638	2.750000	0.001456
CASE	991021679	76	nn	0.010232	0.013838	1.187500	0.008798
CASE	991021759	71	bb	0.013014	0.013822	6.250000	0.001258
CASE	991022129	9	nn	-0.132059	-0.187500	-8.562500	0.076616
CASE	991022569	16	nn	-0.147766	-0.187500	-29.937500	0.087547
CASE	991022719	86	bb	-0.052951	-0.059803	-16.312500	0.008510
CASE	991022889	81	bb	0.024552	0.026092	9.125000	0.007384
CASE	991023239	4	nn	0.008358	0.000000	14.250000	0.000196
CASE	991024029	18	nn	-0.027734	-0.031250	-10.625000	0.046067
CASE	991024149	52	nn	-0.021583	-0.025491	-5.625000	0.011704
CASE	991024509	70	nn	-0.068570	-0.083200	-17.437500	0.020268
CASE	991025039	81	nn	-0.035554	-0.039348	-14.312500	0.012436
CASE	991025279	63	nn	0.068238	0.083341	14.562500	0.030222
CASE	991025419	30	bb	-0.002358	0.000392	-5.250000	0.000290
CASE	991025459	71	nn	0.005091	0.003173	5.062500	0.005333
CASE	991025619	59	nn	0.012687	0.012834	5.375000	0.004512
CASE	991026749	73	nn	-0.009734	-0.011697	-1.062500	0.005318
CASE	991027019	86	nn	-0.014044	-0.020034	-0.875000	0.021554
CASE	991027409	44	nn	0.022234	0.024907	8.187500	0.005645
CASE	991027869	72	nn	-0.032786	-0.039766	-6.625000	0.021066
CASE	991028739	86	bb	-0.012435	-0.017221	-1.250000	0.007866
CASE	991029409	64	nn	0.003349	0.002079	2.500000	0.000754
CASE	991029749	62	bb	-0.032596	-0.036631	-10.375000	0.004949
CASE	991029899	40	nn	-0.029081	-0.037939	-4.625000	0.007194
CASE	991029939	79	nn	0.050168	0.054118	17.312500	0.024428
CASE	991030199	81	nn	0.021362	0.024513	6.625000	0.021528
CASE	991030829	26	nn	-0.005747	-0.001553	-7.250000	0.001339
CASE	991031049	73	nn	0.008390	0.009680	2.375000	0.004300
CASE	991031229	79	bb	0.002293	0.007279	-3.562500	0.008190
CASE	991031449	41	bb	-0.001954	-0.002736	-0.312500	0.001556
CASE	991031619	36	nn	-0.063733	-0.077298	-15.437500	0.014726
CASE	991032029	21	bb	-0.002434	0.000000	-4.625000	0.000528
CASE	991032059	52	nn	-0.031865	-0.036990	-9.125000	0.017710
CASE	991032069	58	nn	-0.009729	-0.011000	-2.875000	0.005010
CASE	991032139	41	nn	0.009799	0.012391	1.875000	0.005698
CASE	991032549	22	nn	0.007487	0.019931	-8.375000	0.013390
CASE	991032559	33	nn	-0.017645	-0.019642	-7.062500	0.007109
CASE	991033309	9	nn	-0.043383	-0.062500	-2.312500	0.098440
CASE	991033419	36	nn	-0.033374	-0.037372	-10.812500	0.011847
CASE	991033949	45	nn	0.071756	0.087118	16.937500	0.014803
CASE	991034229	70	bb	-0.000734	0.002504	-2.187500	0.004593
CASE	991034319	76	nn	0.060325	0.074860	14.250000	0.019933
CASE	991034379	45	bb	-0.001391	-0.001801	-0.250000	0.000050
CASE	991034739	66	nn	-0.075821	-0.086307	-23.562500	0.008427
CASE	991034879	34	nn	0.008782	0.009075	4.062500	0.007206
CASE	991035279	4	nn	0.000000	0.000000	0.000000	0.000000
CASE	991036349	37	nn	-0.023190	-0.030194	-4.750000	0.017841
CASE	991036649	79	nn	-0.050732	-0.054965	-22.312500	0.004509
CASE	991036819	79	nn	0.009940	0.011600	2.937500	0.019800
CASE	991037379	40	bb	0.012807	0.015130	3.562500	0.002325
CASE	991038919	26	nn	-0.003028	0.000081	-9.625000	0.000369
POS	3919	90
