CASE	991001181	42	bb	-0.001880	-0.004694	1.562500	0.003524
CASE	991001791	54	bb	0.002099	0.001980	0.937500	0.000061
CASE	991001891	68	nn	-0.006742	-0.004393	-4.437500	0.017233
CASE	991002641	42	nn	0.000019	0.001055	1.687500	0.010218
CASE	991002681	86	bb	0.009964	0.007753	6.312500	0.006356
CASE	991002741	59	nn	-0.014507	-0.017357	-3.000000	0.012675
CASE	991003111	86	nn	0.028596	0.031307	9.125000	0.011694
CASE	991004821	70	nn	-0.015448	-0.018026	-3.875000	0.005544
CASE	991004881	44	nn	0.081113	0.097870	19.562500	0.025713
CASE	991005001	82	bb	0.010926	0.014232	1.437500	0.010059
CASE	991006501	33	nn	0.002960	0.006795	-2.062500	0.028571
CASE	991006591	40	nn	0.006383	0.004911	4.562500	0.000342
CASE	991007211	57	bb	-0.008952	-0.011987	-1.187500	0.000700
CASE	991007541	42	nn	-0.005956	-0.009443	1.062500	0.008594
CASE	991007581	79	nn	-0.035429	-0.035781	-18.750000	0.008063
CASE	991008701	86	nn	-0.021041	-0.021675	-8.062500	0.010401
CASE	991008901	25	bb	0.000937	-0.000693	1.812500	0.000178
CASE	991009301	82	nn	0.058776	0.066221	18.750000	0.013611
CASE	991010051	58	nn	0.009806	0.011463	2.750000	0.001301
CASE	991010111	34	nn	-0.030230	-0.041249	-2.062500	0.029786
CASE	991010331	81	bb	0.000924	0.002838	-1.437500	0.003954
CASE	991010801	32	nn	0.003585	0.000778	5.687500	0.001259
CASE	991011151	40	nn	-0.015661	-0.011054	-15.437500	0.004015
CASE	991011511	55	nn	0.044707	0.048334	15.312500	0.010898
CASE	991011831	33	nn	-0.010637	-0.018163	1.875000	0.028839
CASE	991012051	81	nn	-0.008472	-0.006037	-6.625000	0.016866
CASE	991012161	16	nn	-0.059059	-0.062500	-26.750000	0.102742
CASE	991013481	49	nn	0.007182	0.007265	3.312500	0.008706
CASE	991013581	60	bb	-0.040667	-0.048930	-9.687500	0.015172
CASE	991013731	37	nn	-0.001029	-0.002302	1.875000	0.001279
CASE	991013821	44	bb	0.000257	0.000308	0.062500	0.000001
CASE	991014111	77	nn	-0.001296	-0.005635	3.250000	0.022555
CASE	991014371	77	nn	-0.010972	-0.010502	-5.562500	0.014760
CASE	991014481	18	bb	-0.000258	0.000000	-0.312500	0.000001
CASE	991014631	82	nn	-0.004250	-0.008097	1.562500	0.007141
CASE	991016131	31	nn	-0.027688	-0.035314	-4.937500	0.004166
CASE	991017341	39	nn	-0.003527	-0.003029	-2.062500	0.001804
CASE	991017861	40	nn	-0.042515	-0.048068	-16.125000	0.003487
CASE	991018071	81	nn	-0.014241	-0.014609	-5.500000	0.021285
CASE	991018411	77	nn	0.041147	0.044414	14.812500	0.022285
CASE	991018501	79	nn	0.019240	0.021922	7.562500	0.008791
CASE	991018581	74	nn	-0.018681	-0.021824	-5.187500	0.016615
CASE	991019081	56	nn	0.000125	0.002911	-1.125000	0.018253
CASE	991020281	55	bb	0.000000	0.000000	0.000000	0.000000
CASE	991020311	86	nn	-0.008738	-0.009886	-2.812500	0.002982
CASE	991020371	54	nn	0.075914	0.090883	19.500000	0.020576
CASE	991020861	32	nn	-0.015040	-0.008757	-11.812500	0.016220
CASE	991021581	65	nn	0.014431	0.016359	5.687500	0.002749
CASE	991022301	7	nn	0.000000	0.000000	0.000000	0.000000
CASE	991023381	60	nn	-0.031501	-0.029272	-17.000000	0.005228
CASE	991023461	52	nn	-0.019086	-0.025312	-2.187500	0.012036
CASE	991023471	60	nn	0.015176	0.019365	3.812500	0.023878
CASE	991025151	21	nn	-0.243619	-0.312500	-47.375000	0.133897
CASE	991025291	76	nn	0.024678	0.027003	8.750000	0.025246
CASE	991025901	86	nn	0.001083	-0.002603	3.625000	0.009996
CASE	991026001	13	bb	0.041274	0.062500	0.000000	0.034920
CASE	991026551	47	nn	-0.046317	-0.045844	-20.562500	0.025668
CASE	991026671	81	bb	-0.014482	-0.021231	-0.500000	0.008000
CASE	991028471	74	nn	-0.020068	-0.020137	-7.625000	0.014899
CASE	991028811	69	nn	-0.038936	-0.043655	-13.375000	0.024573
CASE	991028851	23	nn	0.006010	0.000458	10.500000	0.000606
CASE	991029581	68	nn	0.043666	0.047889	14.562500	0.045593
CASE	991029601	1	bb	-0.002992	0.000000	-4.875000	0.000094
CASE	991029651	49	nn	-0.035634	-0.036291	-13.875000	0.006227
CASE	991030101	66	nn	-0.012832	-0.021216	1.500000	0.003121
CASE	991031961	38	bb	-0.000138	-0.000084	-0.125000	0.000000
CASE	991031971	47	nn	0.040761	0.044383	14.250000	0.009633
CASE	991032581	54	bb	-0.012165	-0.011050	-6.625000	0.001549
CASE	991032951	79	nn	-0.025859	-0.022587	-14.750000	0.015522
CASE	991033211	86	nn	-0.053236	-0.059178	-17.437500	0.015786
CASE	991034171	12	nn	0.025127	0.062500	-25.062500	0.033855
CASE	991034181	24	nn	0.023438	0.017562	20.125000	0.005160
CASE	991034981	48	nn	0.033920	0.045514	4.687500	0.005481
CASE	991035251	59	nn	0.027645	0.025150	20.500000	0.002537
CASE	991035361	86	nn	0.001388	0.004272	-1.625000	0.005397
CASE	991035761	55	bb	-0.005943	-0.007473	-1.187500	0.000343
CASE	991035841	49	bb	-0.015343	-0.017999	-4.375000	0.005152
CASE	991036361	54	nn	0.021464	0.024672	6.500000	0.006516
CASE	991037481	55	nn	-0.004011	-0.004982	-0.750000	0.010116
CASE	991038951	63	nn	0.012405	0.013443	5.125000	0.009853
CASE	991038961	68	bb	-0.009922	-0.013212	-1.437500	0.006756
POS	3932	81
