CASE	991000080	65	bb	-0.010681	-0.013015	-1.750000	0.011402
CASE	991000350	77	bb	-0.002361	-0.005141	1.437500	0.012759
CASE	991001550	68	nn	-0.027518	-0.022727	-20.125000	0.005033
CASE	991001970	61	nn	0.033570	0.034579	16.250000	0.003963
CASE	991002240	69	nn	0.003278	0.004631	0.062500	0.000610
CASE	991003430	57	nn	-0.008648	-0.008931	-4.875000	0.004948
CASE	991003750	36	nn	-0.000702	-0.000311	-2.875000	0.000387
CASE	991004570	81	bb	-0.021790	-0.022038	-8.125000	0.008962
CASE	991005670	65	nn	-0.022357	-0.024591	-8.062500	0.011261
CASE	991005860	81	bb	-0.006775	-0.007233	-2.625000	0.000210
CASE	991005910	45	nn	-0.002436	-0.005063	1.625000	0.007722
CASE	991006520	55	nn	-0.055584	-0.066416	-14.562500	0.009647
CASE	991007270	31	nn	0.067029	0.086820	11.687500	0.014007
CASE	991007810	50	nn	0.027033	0.032367	7.125000	0.020044
CASE	991008290	19	nn	0.096303	0.125000	17.500000	0.061882
CASE	991008410	53	nn	0.000519	0.005042	-3.562500	0.012261
CASE	991008770	68	nn	0.009846	0.012131	1.312500	0.016725
CASE	991009240	19	bb	0.042166	0.062500	0.562500	0.102698
CASE	991009260	43	nn	-0.035754	-0.042952	-8.687500	0.017849
CASE	991009420	29	nn	0.005589	0.005176	3.000000	0.000243
CASE	991010270	20	nn	-0.065050	-0.062500	-36.125000	0.031606
CASE	991011250	54	nn	0.072374	0.083783	21.250000	0.034493
CASE	991011320	33	bb	-0.001487	-0.000018	-3.750000	0.000029
CASE	991011690	64	nn	-0.084282	-0.098313	-22.937500	0.020808
CASE	991011790	75	nn	0.013475	0.015110	3.062500	0.006438
CASE	991012140	81	nn	0.017773	0.017838	8.812500	0.011044
CASE	991012770	21	bb	0.108060	0.156250	4.437500	0.068872
CASE	991013240	64	nn	-0.059428	-0.070919	-15.187500	0.014793
CASE	991014080	46	nn	0.001072	0.003782	-1.750000	0.006442
CASE	991014520	57	bb	-0.010387	-0.011499	-3.562500	0.018040
CASE	991014880	71	mixed	0.015425	0.024857	-1.375000	0.017018
CASE	991015040	57	nn	-0.052468	-0.064107	-12.875000	0.005220
CASE	991016010	81	nn	0.022116	0.024095	8.937500	0.023657
CASE	991016070	59	nn	-0.080906	-0.095540	-22.562500	0.010292
CASE	991016810	24	nn	-0.008753	-0.000735	-10.250000	0.032075
CASE	991016850	64	nn	0.009636	0.009563	4.375000	0.001830
CASE	991018230	63	nn	0.031633	0.037729	8.687500	0.019777
CASE	991018270	22	bb	-0.007406	-0.010236	-0.750000	0.000913
CASE	991019000	64	nn	-0.013426	-0.012069	-8.875000	0.003071
CASE	991019350	66	nn	0.056760	0.068599	13.500000	0.015881
CASE	991019990	21	nn	-0.226327	-0.312500	-23.000000	0.120204
CASE	991020360	46	nn	0.042622	0.052800	9.375000	0.033883
CASE	991020850	23	bb	0.000367	-0.002691	2.937500	0.000002
CASE	991021190	17	nn	0.063675	0.062500	30.875000	0.249783
CASE	991022650	17	nn	-0.005595	0.000000	-11.937500	0.000705
CASE	991024090	79	nn	-0.024529	-0.024843	-14.187500	0.004135
CASE	991024650	35	nn	0.000225	0.000614	-0.625000	0.001086
CASE	991024940	71	nn	-0.009014	-0.008281	-4.187500	0.005035
CASE	991025590	28	nn	-0.017269	-0.019979	-5.812500	0.015795
CASE	991026040	53	nn	-0.011064	-0.003078	-16.000000	0.015443
CASE	991026570	62	bb	0.012860	0.013358	5.250000	0.011864
CASE	991026930	80	nn	0.006888	0.007875	2.937500	0.002637
CASE	991027130	25	bb	-0.020854	-0.019403	-9.625000	0.005602
CASE	991028030	62	nn	0.031582	0.043210	4.125000	0.012773
CASE	991029140	53	bb	-0.012098	-0.015039	-2.437500	0.007137
CASE	991029390	49	nn	-0.018478	-0.019648	-6.750000	0.012403
CASE	991030750	32	nn	-0.043968	-0.054232	-9.500000	0.031945
CASE	991030850	42	nn	0.011336	0.017303	-0.250000	0.008812
CASE	991030860	57	nn	-0.006676	-0.006060	-3.625000	0.011167
CASE	991031420	9	bb	-0.042406	-0.062500	-0.875000	0.033824
CASE	991031780	30	bb	0.001397	0.002239	0.000000	0.001470
CASE	991031890	55	bb	0.041793	0.050446	10.000000	0.018807
CASE	991032000	75	nn	0.017739	0.020640	5.375000	0.009267
CASE	991032150	56	nn	0.047896	0.053592	17.250000	0.008948
CASE	991032570	46	bb	-0.000261	-0.000183	-0.187500	0.000050
CASE	991032810	25	nn	-0.026020	-0.027821	-10.375000	0.014366
CASE	991033530	61	nn	0.013564	0.014267	8.687500	0.006286
CASE	991033710	66	nn	0.000760	0.001831	-0.250000	0.010897
CASE	991033830	14	nn	0.021365	0.031250	0.875000	0.073884
CASE	991036110	57	nn	-0.019558	-0.025281	-3.000000	0.025768
CASE	991036350	41	nn	0.001861	0.002667	0.250000	0.000009
CASE	991036780	41	bb	-0.005864	-0.008104	-0.562500	0.000257
CASE	991037760	74	nn	-0.005287	-0.002778	-7.125000	0.020846
CASE	991038340	52	bb	-0.013458	-0.015698	-4.250000	0.000768
CASE	991038420	45	nn	-0.071665	-0.084559	-20.625000	0.046149
CASE	991038610	63	nn	-0.056198	-0.064861	-15.750000	0.012688
CASE	991039050	76	nn	0.027073	0.027900	11.062500	0.014788
CASE	991039770	20	bb	0.001281	0.000000	1.875000	0.000011
POS	3905	78
