CASE	991000082	67	nn	-0.031822	-0.032946	-13.687500	0.012441
CASE	991001752	15	nn	-0.005806	0.000000	-10.125000	0.000178
CASE	991001962	53	bb	0.000000	0.000000	0.000000	0.000000
CASE	991002012	19	bb	0.048053	0.062500	8.187500	0.167081
CASE	991002932	79	nn	-0.021530	-0.024155	-9.187500	0.014868
CASE	991003612	66	nn	-0.024807	-0.027840	-8.187500	0.002765
CASE	991004092	32	nn	-0.034167	-0.040699	-8.500000	0.019862
CASE	991004142	80	bb	0.008379	0.008867	3.125000	0.007800
CASE	991005272	11	nn	0.000147	0.000000	0.187500	0.000000
CASE	991005592	73	nn	-0.022521	-0.029881	-6.000000	0.010084
CASE	991005612	5	nn	0.044526	0.062500	2.500000	0.035046
CASE	991005882	14	bb	0.000553	0.000000	0.687500	0.066076
CASE	991006342	45	nn	-0.006136	-0.010209	0.562500	0.020035
CASE	991006572	20	nn	0.066361	0.093750	4.812500	0.180067
CASE	991006722	79	nn	0.038282	0.042578	15.062500	0.007622
CASE	991007462	47	bb	-0.011273	-0.014954	-1.687500	0.002375
CASE	991008612	79	bb	0.008629	0.012300	0.812500	0.004236
CASE	991009032	73	nn	0.001663	0.002777	0.437500	0.018165
CASE	991009862	40	nn	-0.011583	-0.015054	-1.687500	0.008464
CASE	991010702	20	nn	-0.002395	0.000000	-10.312500	0.000491
CASE	991011332	50	nn	-0.000753	-0.000005	-1.500000	0.004677
CASE	991011492	38	bb	0.006412	0.002684	7.000000	0.000855
CASE	991012252	23	nn	0.018159	0.020598	5.562500	0.002043
CASE	991012312	81	nn	0.007809	0.010666	2.187500	0.010845
CASE	991012462	62	nn	0.017469	0.020477	4.625000	0.006557
CASE	991013322	57	nn	0.002546	0.003841	0.125000	0.008790
CASE	991013472	41	nn	-0.015033	-0.017809	-3.937500	0.002363
CASE	991014022	73	bb	0.000224	0.001670	-1.375000	0.010533
CASE	991015082	17	nn	0.019790	0.031250	-1.625000	0.173869
CASE	991015752	79	bb	0.017268	0.019862	6.000000	0.009830
CASE	991016132	30	nn	-0.000097	0.000168	-0.312500	0.000002
CASE	991016222	35	nn	0.006528	0.010452	-1.250000	0.008582
CASE	991016392	37	nn	0.000752	0.009380	-6.812500	0.032445
CASE	991016762	63	nn	0.000666	0.000495	0.562500	0.014604
CASE	991016772	73	nn	-0.011218	-0.010061	-6.875000	0.008740
CASE	991016962	4	nn	0.004425	0.000000	5.250000	0.000310
CASE	991017082	36	nn	0.013080	0.020405	-0.875000	0.003425
CASE	991017702	57	nn	0.028509	0.038023	3.687500	0.009405
CASE	991018322	75	nn	0.037396	0.042131	12.625000	0.005458
CASE	991018562	57	nn	0.005017	0.003808	5.187500	0.004731
CASE	991019872	77	bb	0.028245	0.032996	7.687500	0.011241
CASE	991021372	29	nn	-0.036754	-0.046835	-6.812500	0.003401
CASE	991021762	75	nn	-0.012882	-0.012509	-7.375000	0.001147
CASE	991021772	83	nn	0.045168	0.051137	13.875000	0.021543
CASE	991022072	38	nn	-0.032872	-0.035810	-11.125000	0.011880
CASE	991022882	72	bb	-0.018300	-0.019001	-11.437500	0.004369
CASE	991023302	67	bb	-0.000178	-0.000063	-0.187500	0.000004
CASE	991023462	50	bb	-0.011047	-0.014224	-2.000000	0.007307
CASE	991024172	71	nn	0.007972	0.010820	0.750000	0.008181
CASE	991024652	41	nn	0.077109	0.094003	18.062500	0.025790
CASE	991025212	81	nn	-0.032528	-0.033983	-12.312500	0.008889
CASE	991025922	20	nn	-0.140303	-0.187500	-20.750000	0.158983
CASE	991026102	26	nn	0.059767	0.071276	17.750000	0.008453
CASE	991026932	83	bb	-0.005656	-0.007904	-0.625000	0.011624
CASE	991027182	77	mixed	-0.003157	-0.000925	-2.625000	0.017393
CASE	991028342	33	nn	0.028384	0.035022	6.000000	0.024442
CASE	991028812	72	nn	-0.016524	-0.022534	-3.187500	0.012106
CASE	991029502	73	bb	0.010114	0.013210	1.875000	0.006204
CASE	991030492	31	nn	0.020795	0.023376	6.687500	0.001759
CASE	991031002	24	nn	0.040149	0.049090	9.500000	0.028924
CASE	991031192	42	nn	-0.005455	-0.007861	-0.250000	0.019835
CASE	991031482	75	nn	-0.007319	-0.008604	-2.437500	0.010178
CASE	991032092	81	nn	0.009585	0.013670	0.500000	0.004666
CASE	991032502	65	nn	0.012993	0.017711	1.125000	0.024216
CASE	991032722	26	nn	0.035482	0.040125	11.187500	0.020980
CASE	991032752	55	nn	0.016747	0.021048	3.562500	0.004487
CASE	991032832	51	nn	-0.015263	-0.020480	-2.062500	0.003991
CASE	991033242	27	bb	0.000007	-0.000043	0.062500	0.000003
CASE	991033502	32	nn	0.075249	0.088929	19.500000	0.017796
CASE	991035252	61	nn	0.013976	0.013676	8.625000	0.000541
CASE	991035872	77	bb	-0.000041	-0.000063	0.000000	0.000008
CASE	991036842	18	bb	-0.104127	-0.125000	-28.375000	0.137741
CASE	991037652	51	nn	-0.009641	-0.012032	-2.000000	0.008216
CASE	991037662	64	bb	-0.004902	-0.010753	3.187500	0.018020
CASE	991037982	40	nn	-0.023533	-0.028509	-5.750000	0.040284
CASE	991038002	58	nn	0.040579	0.045801	11.937500	0.016245
CASE	991038272	73	nn	0.030945	0.033569	11.000000	0.019900
CASE	991038282	81	nn	-0.028597	-0.035923	-5.937500	0.006885
CASE	991038342	54	nn	0.017018	0.025103	-1.937500	0.027451
CASE	991038352	67	nn	0.067455	0.076879	20.250000	0.013834
CASE	991038622	77	nn	0.001225	0.000313	1.500000	0.003402
CASE	991039032	58	nn	-0.014382	-0.013436	-6.625000	0.009236
POS	3899	82
