CASE	991000333	58	nn	0.007219	0.002370	13.062500	0.000257
CASE	991001633	69	nn	0.001200	-0.000772	1.687500	0.007367
CASE	991003013	72	nn	-0.018397	-0.015967	-10.625000	0.004436
CASE	991003143	30	bb	0.002227	0.001945	1.375000	0.000122
CASE	991003323	40	nn	0.004176	0.002210	4.812500	0.000453
CASE	991004893	62	nn	0.017113	0.020051	4.812500	0.004002
CASE	991006583	32	nn	0.006572	0.016090	-5.687500	0.017427
CASE	991007083	13	nn	-0.082445	-0.125000	4.000000	0.128331
CASE	991010133	55	nn	-0.011425	-0.014586	-2.000000	0.001132
CASE	991010903	52	nn	0.005795	0.013603	-4.125000	0.015033
CASE	991011263	67	nn	-0.019411	-0.021825	-5.937500	0.001229
CASE	991013673	69	nn	-0.007752	-0.004626	-5.687500	0.003812
CASE	991017343	41	bb	-0.000092	-0.000136	0.000000	0.000006
CASE	991018963	25	nn	-0.014824	-0.003242	-21.687500	0.001403
CASE	991019313	32	nn	0.049520	0.063334	9.625000	0.008723
CASE	991019523	71	nn	-0.010708	-0.014045	-1.500000	0.013664
CASE	991021053	53	nn	-0.010315	-0.012078	-2.875000	0.011799
CASE	991022953	62	nn	0.010420	0.010935	4.687500	0.004485
CASE	991023233	81	nn	0.060444	0.069982	17.687500	0.010869
CASE	991024363	10	bb	0.111723	0.156250	9.375000	0.190729
CASE	991027163	57	nn	-0.018625	-0.016226	-10.500000	0.007571
CASE	991027243	52	nn	-0.040249	-0.047426	-11.437500	0.018604
CASE	991029683	79	nn	0.047369	0.050322	19.937500	0.007064
CASE	991030163	46	bb	-0.020155	-0.020477	-9.687500	0.003901
CASE	991032623	14	nn	0.057827	0.062500	21.625000	0.099235
CASE	991034413	82	nn	0.048649	0.055056	14.375000	0.007638
CASE	991034493	77	nn	-0.038350	-0.041839	-12.812500	0.013784
CASE	991034553	50	bb	0.000132	0.000222	-0.062500	0.000003
CASE	991034943	11	nn	0.002455	0.000000	3.250000	0.000193
CASE	991036643	77	nn	-0.027260	-0.030178	-8.687500	0.019548
CASE	991037813	42	nn	-0.031807	-0.043051	-3.812500	0.011927
CASE	991038113	86	nn	-0.009028	-0.011290	-1.687500	0.015943
CASE	991038243	41	nn	-0.007747	-0.005052	-8.937500	0.000631
CASE	991038283	81	bb	0.019228	0.023954	3.937500	0.003450
POS	3927	34
