CASE	991000516	70	nn	0.026359	0.024716	12.312500	0.025730
CASE	991000856	65	nn	-0.022474	-0.026630	-6.312500	0.009085
CASE	991002446	18	bb	0.051620	0.062500	12.687500	0.031354
CASE	991003706	79	bb	-0.011373	-0.013857	-2.750000	0.000992
CASE	991003916	30	bb	-0.000825	-0.001077	-0.125000	0.000004
CASE	991006116	78	bb	-0.087301	-0.098314	-27.000000	0.008535
CASE	991007266	26	nn	-0.005226	-0.006689	-0.937500	0.000437
CASE	991007556	57	bb	-0.017153	-0.020999	-3.812500	0.009991
CASE	991009756	21	nn	0.024377	0.031250	4.437500	0.008021
CASE	991014076	40	bb	0.000197	0.000106	0.187500	0.000002
CASE	991014406	28	nn	0.026215	0.032480	5.812500	0.007598
CASE	991016266	82	bb	-0.028492	-0.026325	-13.312500	0.004481
CASE	991016766	63	nn	-0.002486	-0.003822	0.312500	0.013400
CASE	991017316	15	nn	0.007765	0.000000	17.875000	0.000247
CASE	991017786	52	nn	-0.079844	-0.085934	-35.937500	0.009591
CASE	991019536	81	nn	0.033744	0.039367	9.062500	0.026731
CASE	991023986	63	bb	0.008697	0.016244	-2.750000	0.006863
CASE	991024226	40	nn	0.007960	0.006272	4.687500	0.017132
CASE	991025006	47	nn	-0.047729	-0.060484	-8.750000	0.008456
CASE	991026156	80	nn	0.035023	0.041662	9.062500	0.015760
CASE	991026716	39	bb	0.018989	0.025130	2.500000	0.011267
CASE	991030446	73	nn	0.012260	0.012970	6.875000	0.008672
CASE	991031726	63	nn	0.001501	-0.000144	1.750000	0.005232
CASE	991032006	81	nn	0.032987	0.039345	8.687500	0.015774
CASE	991033716	75	nn	0.069524	0.082379	18.875000	0.014335
CASE	991034306	62	nn	0.013922	0.013725	4.937500	0.013531
CASE	991037756	72	bb	-0.019077	-0.023272	-4.000000	0.007186
CASE	991037766	81	nn	0.000884	0.003874	-2.125000	0.010157
POS	3897	28
