CASE	991000318	45	nn	0.037730	0.037820	15.687500	0.007453
CASE	991000818	24	nn	-0.007147	0.001065	-11.500000	0.039038
CASE	991001298	75	bb	0.028256	0.032660	8.250000	0.006872
CASE	991003948	57	mixed	-0.040150	-0.047362	-11.375000	0.007498
CASE	991006018	67	bb	0.011195	0.010869	4.687500	0.007799
CASE	991009728	80	nn	-0.065953	-0.075318	-19.625000	0.020809
CASE	991010278	29	nn	-0.006718	-0.019822	7.687500	0.025271
CASE	991010488	64	nn	-0.010997	-0.013488	-3.625000	0.008390
CASE	991010738	57	nn	0.018350	0.020477	6.375000	0.006402
CASE	991016428	69	bb	0.028140	0.031334	9.312500	0.003738
CASE	991017138	6	nn	0.008899	0.000000	14.562500	0.000318
CASE	991018568	62	nn	-0.014538	-0.018996	-2.250000	0.009786
CASE	991018918	69	nn	-0.074101	-0.085609	-24.062500	0.014231
CASE	991019138	29	nn	0.001601	0.003167	-0.375000	0.019668
CASE	991021658	55	nn	-0.005812	-0.006968	-1.312500	0.004723
CASE	991022678	43	nn	-0.015748	-0.016284	-6.187500	0.004260
CASE	991024308	41	nn	-0.018493	-0.015512	-10.812500	0.041405
CASE	991024778	76	nn	-0.008425	-0.009198	-4.062500	0.006491
CASE	991025578	21	nn	0.030542	0.062500	-17.625000	0.032932
CASE	991026748	73	nn	0.017666	0.018206	7.812500	0.027146
CASE	991028418	18	nn	-0.062230	-0.062500	-26.375000	0.099259
CASE	991030818	12	bb	-0.000731	0.000000	-1.437500	0.142161
CASE	991031908	67	bb	-0.002481	-0.002821	-0.750000	0.000007
CASE	991033438	49	nn	-0.002025	-0.004715	2.812500	0.004028
CASE	991034608	18	bb	0.000081	0.000000	0.125000	0.000000
CASE	991037388	48	nn	-0.009052	-0.010691	-2.187500	0.018953
CASE	991037958	14	nn	0.046205	0.062500	9.062500	0.032409
POS	3895	27
