CASE	991000350	77	bb	-0.002361	-0.005141	1.437500	0.012759
CASE	991001550	68	nn	-0.027518	-0.022727	-20.125000	0.005033
CASE	991001970	61	nn	0.033570	0.034579	16.250000	0.003963
CASE	991002240	69	nn	0.003278	0.004631	0.062500	0.000610
CASE	991003430	57	nn	-0.008648	-0.008931	-4.875000	0.004948
CASE	991006520	55	nn	-0.055584	-0.066416	-14.562500	0.009647
CASE	991008770	68	nn	0.009846	0.012131	1.312500	0.016725
CASE	991009240	19	bb	0.042166	0.062500	0.562500	0.102698
CASE	991009260	43	nn	-0.035754	-0.042952	-8.687500	0.017849
CASE	991009420	29	nn	0.005589	0.005176	3.000000	0.000243
CASE	991010270	20	nn	-0.065050	-0.062500	-36.125000	0.031606
CASE	991011320	33	bb	-0.001487	-0.000018	-3.750000	0.000029
CASE	991012770	21	bb	0.108060	0.156250	4.437500	0.068872
CASE	991014520	57	bb	-0.010387	-0.011499	-3.562500	0.018040
CASE	991018230	63	nn	0.031633	0.037729	8.687500	0.019777
CASE	991019350	66	nn	0.056760	0.068599	13.500000	0.015881
CASE	991029140	53	bb	-0.012098	-0.015039	-2.437500	0.007137
CASE	991029390	49	nn	-0.018478	-0.019648	-6.750000	0.012403
CASE	991030860	57	nn	-0.006676	-0.006060	-3.625000	0.011167
CASE	991031890	55	bb	0.041793	0.050446	10.000000	0.018807
CASE	991032000	75	nn	0.017739	0.020640	5.375000	0.009267
CASE	991032150	56	nn	0.047896	0.053592	17.250000	0.008948
CASE	991033710	66	nn	0.000760	0.001831	-0.250000	0.010897
CASE	991039050	76	nn	0.027073	0.027900	11.062500	0.014788
CASE	991039770	20	bb	0.001281	0.000000	1.875000	0.000011
POS	3905	25
