CASE	991001962	53	bb	0.000000	0.000000	0.000000	0.000000
CASE	991004092	32	nn	-0.034167	-0.040699	-8.500000	0.019862
CASE	991004142	80	bb	0.008379	0.008867	3.125000	0.007800
CASE	991005592	73	nn	-0.022521	-0.029881	-6.000000	0.010084
CASE	991008612	79	bb	0.008629	0.012300	0.812500	0.004236
CASE	991009862	40	nn	-0.011583	-0.015054	-1.687500	0.008464
CASE	991011492	38	bb	0.006412	0.002684	7.000000	0.000855
CASE	991013322	57	nn	0.002546	0.003841	0.125000	0.008790
CASE	991016392	37	nn	0.000752	0.009380	-6.812500	0.032445
CASE	991016772	73	nn	-0.011218	-0.010061	-6.875000	0.008740
CASE	991016962	4	nn	0.004425	0.000000	5.250000	0.000310
CASE	991019872	77	bb	0.028245	0.032996	7.687500	0.011241
CASE	991021772	83	nn	0.045168	0.051137	13.875000	0.021543
CASE	991022072	38	nn	-0.032872	-0.035810	-11.125000	0.011880
CASE	991022882	72	bb	-0.018300	-0.019001	-11.437500	0.004369
CASE	991023302	67	bb	-0.000178	-0.000063	-0.187500	0.000004
CASE	991027182	77	mixed	-0.003157	-0.000925	-2.625000	0.017393
CASE	991028342	33	nn	0.028384	0.035022	6.000000	0.024442
CASE	991029502	73	bb	0.010114	0.013210	1.875000	0.006204
CASE	991031192	42	nn	-0.005455	-0.007861	-0.250000	0.019835
CASE	991032722	26	nn	0.035482	0.040125	11.187500	0.020980
CASE	991032832	51	nn	-0.015263	-0.020480	-2.062500	0.003991
CASE	991033502	32	nn	0.075249	0.088929	19.500000	0.017796
CASE	991037652	51	nn	-0.009641	-0.012032	-2.000000	0.008216
CASE	991037662	64	bb	-0.004902	-0.010753	3.187500	0.018020
CASE	991038282	81	nn	-0.028597	-0.035923	-5.937500	0.006885
CASE	991038342	54	nn	0.017018	0.025103	-1.937500	0.027451
POS	3899	27
