CASE	991000265	75	nn	-0.002107	-0.006072	4.000000	0.011471
CASE	991000625	8	nn	0.000481	0.000000	0.562500	0.000007
CASE	991000745	38	nn	-0.002010	0.001817	-5.750000	0.015402
CASE	991001485	8	nn	-0.131439	-0.187500	-7.750000	0.085386
CASE	991002595	86	nn	0.014710	0.012288	8.062500	0.020587
CASE	991004285	55	nn	0.007086	0.007219	6.000000	0.005804
CASE	991004455	50	nn	-0.016883	-0.018754	-6.750000	0.011231
CASE	991008335	58	nn	0.033080	0.039185	8.937500	0.023975
CASE	991011495	40	nn	-0.000212	-0.004283	2.687500	0.031431
CASE	991015145	74	nn	0.037082	0.044486	9.750000	0.005647
CASE	991016285	11	bb	-0.017071	0.000000	-33.750000	0.000689
CASE	991018115	40	nn	-0.029585	-0.036922	-6.000000	0.008967
CASE	991019025	4	nn	0.050263	0.062500	10.875000	0.028429
CASE	991019895	11	nn	-0.118559	-0.156250	-18.687500	0.156886
CASE	991020995	81	nn	0.060083	0.068544	18.437500	0.011608
CASE	991021405	60	nn	0.005707	0.004179	4.937500	0.003693
CASE	991024115	15	nn	-0.061390	-0.093750	0.750000	0.039639
CASE	991024975	19	nn	-0.046932	-0.062500	-0.312500	0.041093
CASE	991027125	15	nn	0.016140	0.000000	29.312500	0.000725
CASE	991028475	79	nn	-0.028147	-0.025793	-19.875000	0.010391
CASE	991029645	45	bb	0.001264	0.000909	0.937500	0.000009
CASE	991030095	65	nn	-0.001362	-0.000815	-1.187500	0.000030
CASE	991030615	69	nn	-0.014637	-0.015887	-4.812500	0.016046
CASE	991032675	62	nn	0.008032	0.016620	-3.937500	0.014180
CASE	991033015	62	nn	-0.003430	-0.005180	0.125000	0.000768
CASE	991034925	79	nn	0.029584	0.027497	21.187500	0.010594
CASE	991035935	57	nn	0.003117	0.003952	0.562500	0.000425
CASE	991039825	72	nn	-0.001858	-0.002774	0.125000	0.001346
POS	3929	28
