CASE	991000407	42	nn	0.041041	0.048742	10.375000	0.020705
CASE	991001937	30	nn	-0.017066	-0.014964	-11.500000	0.002970
CASE	991007717	48	nn	0.005194	0.005607	1.062500	0.001369
CASE	991008077	60	bb	0.019000	0.022847	5.375000	0.005083
CASE	991012267	35	nn	0.006475	0.004214	6.937500	0.001323
CASE	991013087	86	nn	-0.006009	-0.003856	-4.375000	0.001989
CASE	991015187	34	nn	-0.016627	-0.025992	0.812500	0.008618
CASE	991015817	62	bb	0.011319	0.014217	2.187500	0.003401
CASE	991018817	51	nn	0.005881	0.005913	3.625000	0.012362
CASE	991019517	60	nn	0.000795	0.001569	-0.312500	0.001732
CASE	991022437	62	nn	0.009191	0.009540	4.562500	0.008199
CASE	991024417	60	nn	-0.016143	-0.014567	-7.937500	0.010172
CASE	991026407	70	nn	-0.014560	-0.016452	-4.250000	0.003288
CASE	991027607	72	bb	0.009857	0.012926	1.437500	0.008441
CASE	991031677	13	nn	0.004978	0.000000	18.250000	0.000204
CASE	991032237	56	nn	-0.022558	-0.024316	-8.937500	0.011650
CASE	991036307	86	nn	0.009639	0.008176	5.875000	0.022041
CASE	991037237	70	nn	0.030117	0.030669	11.312500	0.026101
CASE	991037337	81	nn	-0.050954	-0.059059	-13.062500	0.020003
POS	3923	19
