CASE	991002809	41	bb	0.003659	0.003696	1.625000	0.000324
CASE	991004559	67	nn	-0.017855	-0.018912	-5.875000	0.017662
CASE	991010419	80	nn	-0.045256	-0.051195	-13.875000	0.007872
CASE	991012259	32	nn	0.013604	0.013952	5.937500	0.000945
CASE	991012269	39	nn	0.014970	0.019468	2.750000	0.015977
CASE	991012609	33	bb	0.007244	0.008466	2.250000	0.000450
CASE	991015219	68	nn	-0.012841	-0.014488	-5.625000	0.006414
CASE	991015639	56	nn	-0.063597	-0.076573	-16.125000	0.020061
CASE	991020159	20	nn	-0.181470	-0.250000	-18.312500	0.177860
CASE	991020669	13	bb	0.004356	0.000000	5.562500	0.000104
CASE	991022569	16	nn	-0.147766	-0.187500	-29.937500	0.087547
CASE	991024509	70	nn	-0.068570	-0.083200	-17.437500	0.020268
CASE	991025419	30	bb	-0.002358	0.000392	-5.250000	0.000290
CASE	991026749	73	nn	-0.009734	-0.011697	-1.062500	0.005318
CASE	991027869	72	nn	-0.032786	-0.039766	-6.625000	0.021066
CASE	991029939	79	nn	0.050168	0.054118	17.312500	0.024428
CASE	991031049	73	nn	0.008390	0.009680	2.375000	0.004300
CASE	991032069	58	nn	-0.009729	-0.011000	-2.875000	0.005010
CASE	991032549	22	nn	0.007487	0.019931	-8.375000	0.013390
CASE	991033309	9	nn	-0.043383	-0.062500	-2.312500	0.098440
CASE	991034379	45	bb	-0.001391	-0.001801	-0.250000	0.000050
CASE	991034739	66	nn	-0.075821	-0.086307	-23.562500	0.008427
CASE	991034879	34	nn	0.008782	0.009075	4.062500	0.007206
CASE	991036349	37	nn	-0.023190	-0.030194	-4.750000	0.017841
CASE	991036649	79	nn	-0.050732	-0.054965	-22.312500	0.004509
CASE	991037379	40	bb	0.012807	0.015130	3.562500	0.002325
CASE	991038919	26	nn	-0.003028	0.000081	-9.625000	0.000369
POS	3919	27
