CASE	991006464	81	bb	0.053542	0.058969	18.625000	0.004679
CASE	991007444	33	nn	-0.011419	-0.013911	-2.562500	0.003593
CASE	991008554	25	nn	-0.006690	-0.005741	-3.937500	0.014973
CASE	991008774	72	nn	0.026265	0.028983	9.375000	0.009154
CASE	991009204	73	nn	-0.040958	-0.057333	-3.625000	0.029080
CASE	991010914	62	nn	0.051917	0.062626	12.437500	0.005617
CASE	991013044	41	nn	0.026158	0.031682	6.375000	0.009209
CASE	991013544	21	nn	-0.003744	0.000000	-8.812500	0.000104
CASE	991014534	69	nn	-0.053768	-0.060821	-19.312500	0.010904
CASE	991018094	19	nn	-0.001329	0.000000	-3.687500	0.139128
CASE	991018884	32	nn	0.009320	0.007188	6.125000	0.000458
CASE	991024264	82	nn	-0.020177	-0.023973	-5.062500	0.005098
CASE	991025874	58	nn	0.000507	0.000448	0.250000	0.000639
CASE	991026794	32	nn	-0.033134	-0.030362	-20.625000	0.005542
CASE	991027294	11	bb	0.003804	0.000000	5.500000	0.000281
CASE	991029074	74	nn	0.008835	0.008843	3.562500	0.001426
CASE	991029474	44	nn	-0.003367	-0.004945	-0.250000	0.000740
CASE	991029614	13	nn	-0.002804	0.000000	-5.187500	0.000466
CASE	991032214	33	nn	-0.024097	-0.030904	-3.875000	0.011444
CASE	991032294	23	nn	0.008971	0.011973	1.187500	0.001288
CASE	991033354	56	bb	-0.002950	-0.003232	-1.250000	0.000047
CASE	991034154	82	nn	-0.023695	-0.027768	-7.375000	0.003056
CASE	991034844	79	nn	-0.029317	-0.032153	-12.625000	0.005974
CASE	991035604	71	nn	-0.011402	-0.008509	-6.937500	0.025238
CASE	991037984	37	bb	0.007631	0.008703	2.312500	0.004622
CASE	991038664	35	nn	-0.002968	-0.001381	-4.437500	0.012943
CASE	991039384	66	nn	-0.032365	-0.031686	-15.000000	0.012915
CASE	991039784	34	bb	0.011988	0.010772	9.750000	0.001025
POS	3893	28
