CASE	991001181	42	bb	-0.001880	-0.004694	1.562500	0.003524
CASE	991001891	68	nn	-0.012950	-0.014711	-4.687500	0.005852
CASE	991002681	86	bb	0.009964	0.007753	6.312500	0.006356
CASE	991003111	86	nn	0.028596	0.031307	9.125000	0.011694
CASE	991004821	70	nn	-0.015448	-0.018026	-3.875000	0.005544
CASE	991004881	44	nn	0.081113	0.097870	19.562500	0.025713
CASE	991007211	57	bb	-0.008952	-0.011987	-1.187500	0.000700
CASE	991009301	82	nn	0.058776	0.066221	18.750000	0.013611
CASE	991010111	34	nn	-0.030230	-0.041249	-2.062500	0.029786
CASE	991013581	60	bb	-0.040667	-0.048930	-9.687500	0.015172
CASE	991013731	37	nn	-0.001029	-0.002302	1.875000	0.001279
CASE	991014111	77	nn	-0.001296	-0.005635	3.250000	0.022555
CASE	991014371	77	nn	-0.010972	-0.010502	-5.562500	0.014760
CASE	991014631	82	nn	-0.004250	-0.008097	1.562500	0.007141
CASE	991016131	31	nn	-0.027688	-0.035314	-4.937500	0.004166
CASE	991017861	40	nn	-0.042515	-0.048068	-16.125000	0.003487
CASE	991018581	74	nn	-0.018681	-0.021824	-5.187500	0.016615
CASE	991020281	55	bb	0.000000	0.000000	0.000000	0.000000
CASE	991020311	86	nn	-0.000677	-0.000317	-0.500000	0.020309
CASE	991020371	54	nn	0.075914	0.090883	19.500000	0.020576
CASE	991020861	32	nn	-0.015040	-0.008757	-11.812500	0.016220
CASE	991022301	7	nn	0.000000	0.000000	0.000000	0.000000
CASE	991023381	60	nn	-0.031501	-0.029272	-17.000000	0.005228
CASE	991023461	52	nn	-0.019086	-0.025312	-2.187500	0.012036
CASE	991025151	21	nn	-0.243619	-0.312500	-47.375000	0.133897
CASE	991026001	13	bb	0.041274	0.062500	0.000000	0.034920
CASE	991026551	47	nn	-0.046317	-0.045844	-20.562500	0.025668
CASE	991029581	68	nn	0.043666	0.047889	14.562500	0.045593
CASE	991031961	38	bb	-0.000138	-0.000084	-0.125000	0.000000
CASE	991034171	12	nn	0.025127	0.062500	-25.062500	0.033855
CASE	991035761	55	bb	-0.005943	-0.007473	-1.187500	0.000343
CASE	991035841	49	bb	-0.015343	-0.017999	-4.375000	0.005152
CASE	991038951	63	nn	0.012405	0.013443	5.125000	0.009853
POS	3932	33
